hsa10161,hsa10800,hsa11255,hsa1128,hsa1129,hsa1131,hsa1132,hsa1133,hsa1234,hsa1241,hsa1268,hsa134,hsa135,hsa136,hsa140,hsa146,hsa147,hsa148,hsa150,hsa151,hsa152,hsa153,hsa154,hsa155,hsa1812,hsa1813,hsa1814,hsa1815,hsa1816,hsa185,hsa1909,hsa1910,hsa222545,hsa23620,hsa2550,hsa2846,hsa2911,hsa2912,hsa2913,hsa2914,hsa2915,hsa2916,hsa2917,hsa2918,hsa3269,hsa3274,hsa3350,hsa3351,hsa3352,hsa3354,hsa3355,hsa3356,hsa3357,hsa3358,hsa3360,hsa3361,hsa3362,hsa3363,hsa338442,hsa3577,hsa4543,hsa4985,hsa4986,hsa4988,hsa5028,hsa5029,hsa5030,hsa5031,hsa5032,hsa552,hsa554,hsa56413,hsa57105,hsa5724,hsa5729,hsa5731,hsa5732,hsa5733,hsa5737,hsa5739,hsa59340,hsa6010,hsa64805,hsa6751,hsa6752,hsa6753,hsa6755,hsa6915,hsa7201,hsa8843,hsa886,hsa887,hsa9052,hsa9283,hsa9934
1.0,0.282628289766019,0.0834952191298976,0.0723507439571625,0.0735734868098495,0.0651250231418305,0.0763493782537088,0.069800074444522,0.226616975988466,0.149087608767571,0.0572382311867408,0.0818039082140734,0.0729146728660378,0.0794769584335616,0.0806902407418279,0.0620960021164102,0.0814364300654351,0.0851716837773411,0.06715938795976,0.0630705310282227,0.0684688725177537,0.0751009470459799,0.101213429684293,0.0809615435285994,0.0963639089480537,0.0884155115954717,0.0836486581373446,0.0587887439613484,0.0836758960808239,0.24956175995982102,0.12328693410755501,0.12518463933871302,0.0231882789684816,0.0865299617632129,0.0169027536152476,0.522575435265226,0.0184343103776757,0.0229181993887437,0.021773338928683,0.0204914533486746,0.015078964528542,0.0158595018068263,0.0232240415856486,0.0225351595694525,0.07447299209029,0.11227608632654902,0.0753120380999542,0.0805251802695563,0.0872630411569393,0.0871355771764798,0.0887684691329894,0.0869484748078567,0.0845093445959309,0.0757744797727704,0.0839172445662167,0.0689410454394826,0.0510498887678421,0.0823976268468877,0.19620717547812902,0.22093212554899302,0.11680999391452901,0.200516477620151,0.2111372877494,0.20474551947549202,0.24944570643738395,0.26039158025715103,0.26901183538698303,0.230807582552889,0.12558847809283302,0.0796374506793844,0.0555301567095442,0.0965821173029968,0.25576846322179003,0.253498053076115,0.0226146591339734,0.0291380031954652,0.0275494809907598,0.0552261300762489,0.0737960694929714,0.0515331604553858,0.0840458916982701,0.101588347055062,0.21561148362297602,0.19378518926482302,0.21327166370929998,0.161457603263996,0.191534801332048,0.0569551272630966,0.072488647423117,0.187373548326394,0.0978354634763544,0.0823033813259645,0.0197511863785993,0.0681531052900503,0.19913333298518102
0.282628289766019,1.0,0.063149874470439,0.0468766963124966,0.0555506573542838,0.0480711071229431,0.0657263192184228,0.0509348370223115,0.200181278152493,0.183805491969725,0.0394934955988783,0.0892932253412544,0.0727307583672162,0.094556230398429,0.0692817501957569,0.0595570921353658,0.08070161462414199,0.0938014069373714,0.0707700155335396,0.0677921859844654,0.0546303395505744,0.0831234748701186,0.102067566596709,0.0665106219260279,0.0843497409492652,0.08179611990001401,0.0900874011182138,0.0604549562279268,0.06448408735114901,0.21174808312225196,0.0934409947186013,0.0996842583792513,0.0166644341981989,0.0856442559986174,0.0167831585626072,0.251252223430956,0.0204723961197876,0.0181591184846581,0.0307399168202806,0.0163704829137303,0.016394201010872,0.0162690868730489,0.0191128968492457,0.0162323807599806,0.0585349671608797,0.0940626669985034,0.0731641743178562,0.0828704677486767,0.0667435451012759,0.0874401717771015,0.0843281582935632,0.0785327801100798,0.0685567797516174,0.0856296895366356,0.0731229353158166,0.0518182633998921,0.040255582737515,0.0661666304686918,0.19280036982079998,0.20134856537148102,0.10991350625941802,0.18694760113048398,0.19992597583313398,0.19753160069685702,0.27325819773969895,0.222802801893279,0.19817954252951503,0.22919504895746,0.114526859346862,0.0810968567149885,0.0724194670437636,0.112191677662044,0.32972096657604905,0.246381481257675,0.0327022314666408,0.0391785305029837,0.038200209003267996,0.0845257224748476,0.0983547138689437,0.0845511878342215,0.0781076893781095,0.10331752573756502,0.19075236905733303,0.187936345558311,0.189365704720816,0.151218703886016,0.16610999538610402,0.0622957195194584,0.0941631972494532,0.186914239274651,0.11213288978537699,0.07836549394990401,0.0229488456224644,0.0518218334328559,0.20350930026641298
0.0834952191298976,0.063149874470439,1.0,0.244585559861007,0.20796963743667699,0.17951816933269102,0.21270091308896602,0.186053163552168,0.0868206259974477,0.0865154881167013,0.0465964068915605,0.0851766498762106,0.068237633988159,0.0815224956750572,0.0754081943457281,0.140755907265423,0.127818743889954,0.130268438430115,0.210255018067849,0.19738799246898103,0.20899244724042798,0.17340142171168801,0.12020977392731,0.158226668629036,0.12541111234195698,0.17496861229178198,0.17709082845958102,0.18741847317801602,0.115406834531879,0.0766992366276526,0.05501834924300799,0.055483040865897004,0.01360739684137,0.0485304782722176,0.0162013190942195,0.0644935453851571,0.0147399645575918,0.0125126948090001,0.0131885438601987,0.0140470667622577,0.0132519160886912,0.0141966727868017,0.0133973935942677,0.0136964223040939,0.17437390286035198,0.120321590610083,0.186975785722846,0.162585670379416,0.15466770109182199,0.120121979629612,0.133958218029822,0.110893886764345,0.11245327015350301,0.113674422645909,0.12055462487414802,0.12894514884035,0.14149025630423998,0.125434881579826,0.0673331236685838,0.0803764159747116,0.0969440596292856,0.100031816831115,0.0967447220202575,0.0847482507775365,0.05843624616225599,0.060372957767428,0.0489490089208168,0.0523169871327945,0.0477015603219434,0.0675602040176528,0.0643088932437669,0.0564211759416785,0.0707311515307416,0.0642938349541828,0.0280608966215299,0.0420225411585885,0.0365033983897838,0.0535496159880183,0.0302479477850003,0.0364524927740088,0.319424413841747,0.078180076818504,0.0499813634927658,0.0827721971357441,0.0889648766003575,0.0933698736676115,0.0983377388803682,0.0424601253533981,0.0719393555237161,0.0612828725229416,0.094858212793249,0.103349311346673,0.0193202380925635,0.0558201608252295,0.0489569028838958
0.0723507439571625,0.0468766963124966,0.244585559861007,1.0,0.42277564248166294,0.45362665930433005,0.423691975081326,0.470677026332781,0.0635784797400967,0.0846993750131446,0.0514971433262519,0.10603086050978901,0.0846754779098065,0.08205031168926899,0.12335246688601101,0.126339881978936,0.133785872903824,0.138251171956855,0.191877579921121,0.183026348152745,0.17974388959371101,0.164075364873353,0.141806057193836,0.154600514717182,0.127828197409005,0.174467962176696,0.162774039025176,0.17454405257167202,0.11898998352548198,0.0893669340998641,0.0543443401532346,0.0593702839317724,0.0136685061803087,0.0612895356212702,0.0124466555356525,0.0553310045914243,0.0113682914460723,0.0137585845878773,0.012794351402083999,0.0161495685544815,0.0126868157952123,0.017995868520855,0.0159711845126339,0.0139872303041461,0.20344019818887601,0.139147627904231,0.213668662008649,0.199418792099525,0.17150922745579,0.18107878028116503,0.18069903915380198,0.112766499278291,0.130658348317436,0.136040026527808,0.133353158978532,0.12370556246825398,0.135820097991249,0.13498385680672803,0.0604295398072605,0.0593583213108147,0.0861065612025835,0.0873088967999197,0.0930728593923861,0.0892218034979208,0.0573596134180426,0.0585684701091795,0.054795933439737994,0.0780799035226539,0.0538482130965513,0.065064235650677,0.039254593323399,0.0574715432671772,0.0604742407582156,0.0500578245935681,0.0295406287392566,0.0287095193522514,0.0360562089945938,0.0344812707534646,0.0272953947593015,0.0339084943633281,0.161629096981261,0.0868289267872108,0.05351455425951099,0.0919779593635393,0.0864225220184493,0.083749376904711,0.10622789420808,0.0475569215797657,0.0609069030466435,0.0543059582928129,0.0920169982259298,0.100774458627144,0.0212855015648315,0.0492177400501599,0.0616839239947382
0.0735734868098495,0.0555506573542838,0.20796963743667699,0.42277564248166294,1.0,0.38552185301910497,0.5587527822132861,0.38621963883838795,0.0695703733249372,0.0917170896132112,0.0469712581422565,0.0943439521912081,0.0859051546041157,0.0841176101000075,0.10193836419535,0.11409324750823802,0.12858614554625802,0.14107383761803,0.169425511197663,0.15562060673020198,0.160842106190668,0.12227702182059899,0.13623617164059001,0.11856920818637101,0.130644820373018,0.171628560675237,0.160683456069222,0.157706832643487,0.115987938617498,0.09697793043865402,0.0637007982049185,0.0512180891158444,0.0128398179252899,0.0382522789171888,0.0158826888302764,0.0597191485321774,0.0144528626310682,0.0161946614125126,0.0131112665707869,0.0135068980703746,0.0121608622840907,0.0131725892117031,0.0153856172738368,0.0140777341943603,0.21072338296582896,0.138562057631865,0.199108916483155,0.16944823431314301,0.160651690312677,0.16093890038357503,0.181868246040782,0.11414655875629699,0.114056094180191,0.112025674486825,0.121950844810844,0.135925183928001,0.0990571864062886,0.13224753108731999,0.0503838851350118,0.0683303668857236,0.0933876193217356,0.093298136245672,0.0951052380679289,0.0932662572013588,0.0570045837723425,0.0603764641068581,0.054790027923018,0.0656774164891047,0.0438564884215119,0.0711942004418659,0.0420227717371048,0.0543377496346325,0.0544387413848188,0.0485018070167041,0.0304658881430207,0.0205400206625017,0.0314755949299169,0.0269548587371102,0.0308131989109859,0.0302577240922581,0.153460211542535,0.0829282439555492,0.0587917383213591,0.0844153168496203,0.0972148590140889,0.090433958314135,0.10764753427733198,0.0358042560214095,0.0817346654100788,0.0476946242502159,0.0932883938866332,0.0974748338260145,0.0214232286669731,0.0580012488680342,0.0728134509977761
0.0651250231418305,0.0480711071229431,0.17951816933269102,0.45362665930433005,0.38552185301910497,1.0,0.38397261112737796,0.46927265202029206,0.0671951919046086,0.0802492536426577,0.0562028366345581,0.0884131361234319,0.08735154767336599,0.0813353239668193,0.10022644128857901,0.11726885310384899,0.114137438661996,0.12380246447181098,0.13861459883833,0.126320100090586,0.13360440480569802,0.12421564147656099,0.13670722965768,0.11365636730087401,0.12272943594904902,0.15211504806255402,0.110642699641948,0.10597773365910199,0.112986683861068,0.0955056471529754,0.0471811002989559,0.0546260518979237,0.0197880047478553,0.0554973624184381,0.0119419806300064,0.0534600405684168,0.00892998678417585,0.0135736164062434,0.0116655194111454,0.0158875762130633,0.011360909564205001,0.011510793009448,0.0136890830486429,0.0154001028981093,0.185252113504702,0.122622124176041,0.15934776029908101,0.151395726198504,0.137774512039823,0.149404112694557,0.1391666743594,0.109950886831578,0.0891178944401082,0.10608458416547802,0.127834730250735,0.116348650292102,0.101648334153595,0.12146056327543302,0.0547544172662304,0.0604635279819588,0.086081235779888,0.0785059407084911,0.0900261482388507,0.0876092660779762,0.0575028754425265,0.0479973600978051,0.0394477719295629,0.0665419643461576,0.0532963489119538,0.0618498335020283,0.0396259740668518,0.0502175198177638,0.0591994517764749,0.0545274573514608,0.0382103526554998,0.0250895756939961,0.0316290165349216,0.0350745710345757,0.0333610339576698,0.0256691266585285,0.131493227274665,0.0698135134091186,0.0485966719708762,0.0912014144685683,0.0806421556169585,0.0783366158064187,0.0840496473208171,0.0435927065814719,0.0642586502026984,0.0517278906283623,0.0799944034365617,0.0782296680008847,0.0210327634357009,0.0457476613743002,0.0511456504795736
0.0763493782537088,0.0657263192184228,0.21270091308896602,0.423691975081326,0.5587527822132861,0.38397261112737796,1.0,0.40774885318865395,0.0686735107665287,0.0920373749254351,0.0514819493791758,0.0969444323687016,0.09220068808659102,0.0944076253487777,0.104148037273888,0.12150612322471199,0.12782656337608,0.137034722133058,0.171086000975857,0.162273283520122,0.166754968271947,0.139054666045798,0.13582806001951,0.12441860241699002,0.120777839554755,0.189980971222645,0.166197806313887,0.163884405426801,0.10921795580432901,0.0887856565273525,0.06320881552520599,0.0563914079209162,0.0149375609436466,0.0411608772015654,0.0152363059822471,0.0622041508426698,0.0150591301626306,0.0143641320055859,0.0138666893727214,0.013558753884287,0.0142048412667056,0.0167178542375273,0.0138272200246483,0.0138962518750521,0.207386863691437,0.137142483785121,0.197546589257338,0.174276959235456,0.157148778543232,0.15378631555100597,0.174061520171188,0.117490217663285,0.12215394020051401,0.11866494491311601,0.13144803014973,0.128355116412562,0.0984320642289962,0.13734514108176402,0.0525763277744575,0.0751895951876071,0.0921837180749019,0.0913814708240721,0.097055557950282,0.0958286161207974,0.0620042053656461,0.0659458535292257,0.0533720776547553,0.0741993437772736,0.0468107178081338,0.0719338667755255,0.0428991926660631,0.0588279599358547,0.0503783881962067,0.0541858613159504,0.0358703704450475,0.0333338529425589,0.0361872126775225,0.0355873596358466,0.027484312309052995,0.0388974155156444,0.135389123781629,0.0800237715540628,0.0486735331029365,0.0861279918396616,0.0876641858894842,0.0885944122560028,0.10300695105228201,0.0517119321883064,0.0678137610988773,0.0529217871459182,0.0867474661873888,0.0936177494429854,0.0247930958216081,0.0523018724629299,0.0654438790738978
0.069800074444522,0.0509348370223115,0.186053163552168,0.470677026332781,0.38621963883838795,0.46927265202029206,0.40774885318865395,1.0,0.0622545810005811,0.0817261959371765,0.0493883049389542,0.0909412338776934,0.0871500135331665,0.0889115619149289,0.11135957425049499,0.11173360591115301,0.118411448595932,0.12547214797256,0.14875490777134803,0.159470955129928,0.133279443595902,0.12597885724839097,0.14347427942281,0.11843875743230499,0.12792639250156002,0.15371218248224697,0.125997271416619,0.12001070182468301,0.108703990150718,0.0863697025697095,0.0551883730700919,0.0573816066965665,0.0142811020659156,0.061510838288683,0.016220952906384,0.0575610608333503,0.0143690542913433,0.014182481327953002,0.0126241078439467,0.0148976488342063,0.0103631525571979,0.0115897768249894,0.0181457586415057,0.0135163539930629,0.20086058812987198,0.132957335671746,0.16744154048206697,0.14662827348919102,0.140920422633386,0.141417560862559,0.143351526842183,0.10641784306702601,0.0922142943717667,0.11053865309877801,0.121840943542777,0.110951877449254,0.114802783426225,0.12324802653717801,0.0618944100768922,0.0652584259345389,0.0882061962697958,0.0961469202168242,0.10071206735127401,0.0963739233111567,0.056706845682619,0.051478839861759,0.0459086564535092,0.0705855877736257,0.0483946865487528,0.0627510353133526,0.0397339623486131,0.0498628919492262,0.06115203501942599,0.0531285397006643,0.0249100553781005,0.0190948810893248,0.0278840673357373,0.0234922394380933,0.0262294008019103,0.0340163121791209,0.130802030263375,0.0805507538367553,0.0419611755607945,0.0840815212050825,0.0859582603027222,0.0732847698751644,0.0827140168032826,0.0409933105342549,0.0684511379591385,0.05631371711089,0.0845253340974493,0.0881676696684763,0.0188858137056009,0.0443021992888002,0.0659091672532209
0.226616975988466,0.200181278152493,0.0868206259974477,0.0635784797400967,0.0695703733249372,0.0671951919046086,0.0686735107665287,0.0622545810005811,1.0,0.162710837329629,0.0660934799289874,0.0806621981145152,0.0707247927511269,0.0942173770100053,0.0818373329804163,0.0648897989428749,0.0684808233816816,0.0924549370951185,0.0784991912917741,0.0793205322770173,0.0871737343354583,0.0812774501991207,0.0915819356501656,0.0868411930618538,0.0786757234983642,0.0670918696497388,0.0688677992881773,0.0488153674944036,0.0810668704574256,0.259655465348463,0.11353829862274001,0.126071815154173,0.0210249635179934,0.0604366232852877,0.0128206519013174,0.195697980910538,0.0213982744134188,0.014527502779806002,0.0158337235317884,0.0186310094100736,0.0174240379761074,0.0188736365322255,0.0181619986299004,0.0171945457963001,0.0763133460715613,0.128167057383855,0.0785377405381975,0.0769581995084136,0.0769002456648274,0.0871829761292368,0.0824553797443871,0.0760431851888686,0.0614789304539606,0.0747169204124163,0.0939930738019689,0.0726233763154663,0.053365216024428,0.0812476304126766,0.164592839966987,0.285899602120298,0.125455972591774,0.19813243844944897,0.22499329217380198,0.201887953956584,0.178126412488512,0.15602003538493803,0.168574749326245,0.15404501379079902,0.106670339275836,0.0881492586200683,0.0757514728103029,0.110905595462497,0.216232293618888,0.19264163596657197,0.0576408987259274,0.0339189356404428,0.0568766810487756,0.0606346885564194,0.08255337834647299,0.0528303549345312,0.11130966729197302,0.133844854444239,0.163038547112845,0.20327722707529397,0.194795263447581,0.18306526355628,0.20942654467937902,0.0596162371300164,0.10984028065569698,0.16001756696256,0.106930609349125,0.0932335393516092,0.0254028594792822,0.0578583331779922,0.16911929873724
0.149087608767571,0.183805491969725,0.0865154881167013,0.0846993750131446,0.0917170896132112,0.0802492536426577,0.0920373749254351,0.0817261959371765,0.162710837329629,1.0,0.0493778827434641,0.11968868262772302,0.0891350406603103,0.113492789914342,0.0906909746189543,0.0803349107241281,0.0775192810402658,0.0953295191476291,0.0715469412750361,0.0716167091524374,0.0645085388453021,0.0938581013012358,0.0912807717533116,0.0991906555809348,0.0800918113099313,0.09499772562103698,0.0978895099493963,0.0752929646488915,0.0777667304150709,0.18228285906307998,0.086813927113565,0.0904672848503374,0.0142485814316432,0.0856633623582524,0.0131147677453392,0.136608600898785,0.0122391045026258,0.0129343783505922,0.0150988625179788,0.0161057065587843,0.0147343075386949,0.0176517600979821,0.0137320450396782,0.0156948019705497,0.0828509797850759,0.10497296292664801,0.0839189389196015,0.0908029761626702,0.0914207866535696,0.0715187521117184,0.0735332568086613,0.0682548723057728,0.0757702475907793,0.0699017052093667,0.0788917734434908,0.0829277176411596,0.0561380931284089,0.0742616777487258,0.10465023772599799,0.15848791581274302,0.10468202555791,0.16112457312573497,0.171882466843053,0.153263429689308,0.16986658003630098,0.150802448295109,0.125950274627435,0.15401782192593802,0.11622470706396401,0.0901714719832024,0.11454935744136699,0.327195964683283,0.138300929402311,0.11285819372407001,0.0529377871197175,0.0612301106771524,0.0738123214047726,0.0801988298977407,0.0622471760163334,0.0688936507660043,0.0839429420752104,0.0915675979447386,0.10718316241363099,0.178828887307376,0.202692218283207,0.208872416087645,0.214660274975656,0.0795441919900132,0.0954234699413518,0.10531579036470198,0.118498988484772,0.11660915714572699,0.0389784316003511,0.0525686198069721,0.11548246840286501
0.0572382311867408,0.0394934955988783,0.0465964068915605,0.0514971433262519,0.0469712581422565,0.0562028366345581,0.0514819493791758,0.0493883049389542,0.0660934799289874,0.0493778827434641,1.0,0.10766742625415598,0.107853398483524,0.126889794303183,0.11915901967563801,0.0932994647789251,0.10472739708074301,0.12219764188414199,0.0492388361215378,0.0609600520580853,0.0510336156901758,0.0846099222701051,0.10053040692967,0.0783275173948212,0.0963041167345308,0.0561082874245596,0.0596163430216268,0.0454934239511028,0.0856455889326097,0.0642801317037758,0.0619127850394342,0.0648813462276496,0.0160186077705933,0.0526237332823153,0.0136191938922567,0.0654538086814654,0.0166285874982417,0.0213167044186969,0.0147215337488165,0.0155370446104704,0.0131486863484034,0.0119731710458298,0.0162725029926308,0.0135897299504855,0.0777316308772955,0.11345217018956899,0.0738014662966758,0.10317335349425,0.11473521255393303,0.0839804680311026,0.0865234266091936,0.0915294186830233,0.0496615648084642,0.0787887831482873,0.118916022765439,0.0908084798561007,0.0774441263692691,0.0848277953755242,0.0660902401079321,0.0644710369044394,0.0902236828805345,0.0779583973773269,0.082787863408324,0.0872024523810019,0.0434857797368614,0.0352997845338306,0.0449700982063364,0.0538039538235297,0.028469157795915002,0.0780945211363574,0.0724112577530663,0.0325393436049701,0.0384858997853854,0.0491581345325193,0.0498230773386454,0.0687970702329086,0.0654160290183323,0.0564952902280174,0.0663235272850663,0.0386265910371626,0.0739281896675121,0.0909325938626196,0.0492134537729034,0.0729234836656434,0.0791528646237641,0.0688007108012766,0.0873394688036367,0.070341001000483,0.0822791981822655,0.05976311151545599,0.0866976940552668,0.0555447972945935,0.0239621716923241,0.0444334310638587,0.0409258474259043
0.0818039082140734,0.0892932253412544,0.0851766498762106,0.10603086050978901,0.0943439521912081,0.0884131361234319,0.0969444323687016,0.0909412338776934,0.0806621981145152,0.11968868262772302,0.10766742625415598,1.0,0.412193047930497,0.413186856540705,0.477245506586798,0.12761734205223,0.133312424013805,0.14508987539662196,0.11754328469724301,0.12114119843305,0.10062358992489599,0.12501821616858502,0.144805637784264,0.142463986745547,0.16314056548849803,0.11463866738090402,0.117348725796702,0.104638626920538,0.14304272147131603,0.10229997858578099,0.112438198850045,0.112252651257255,0.0161153145702916,0.0509063498212307,0.0130580310252644,0.0955841879411183,0.0169783571353578,0.017614862953192,0.0170138418963824,0.0149996884187995,0.0181088270410196,0.016532977343371,0.0153194822104667,0.0142962523980289,0.10999006977118599,0.19029171716709198,0.130922278643329,0.125264011965561,0.111891546040715,0.11205798837945,0.12305065446949301,0.13249446934938197,0.128945008250155,0.140478512377198,0.174500947122805,0.13120811279138,0.140426440332042,0.13330696571332498,0.0788855354901225,0.100083185163047,0.14685176578194697,0.10123648598292001,0.12224205285859699,0.11812837760264099,0.0713690651724862,0.086395862797361,0.0760058705417876,0.0773360534201355,0.0739084218787013,0.0600089395975133,0.0603300774069583,0.04635631085207599,0.0846680135098166,0.0689770898109316,0.0362935776193941,0.0431318554665914,0.0502893254897285,0.0706440645040671,0.0442256915411166,0.0578406055409958,0.10555136214839199,0.09258909295783502,0.0713933280828082,0.13014004476711302,0.12713051401076,0.13090537393891902,0.149612132633004,0.0579184187281494,0.125488933974752,0.0717481826511569,0.11958891364194502,0.0953285535642793,0.0228810637379224,0.0537828789494015,0.0876546944359946
0.0729146728660378,0.0727307583672162,0.068237633988159,0.0846754779098065,0.0859051546041157,0.08735154767336599,0.09220068808659102,0.0871500135331665,0.0707247927511269,0.0891350406603103,0.107853398483524,0.412193047930497,1.0,0.513952070199664,0.337859217887019,0.14117531448593498,0.14747543776086902,0.14546871811370002,0.0978364260769095,0.0972493779578597,0.0876947208521048,0.142659526551257,0.16173591079826097,0.18126776760987603,0.15010101387094,0.11183775885228699,0.11703463280849001,0.10343660560658999,0.13766796735519699,0.0851385239701286,0.0896730318821716,0.08482898322365301,0.015412077831941002,0.0669601541382552,0.0143319701508681,0.0692642106053228,0.0130714404667338,0.0165161175709751,0.012541144669121,0.0127435334059053,0.0142625869138141,0.0140821303010455,0.0176065134831317,0.0143009641796386,0.102579594989929,0.186497824473008,0.148915282889077,0.127974420038205,0.12721502900398501,0.0987955232667106,0.12011079300020099,0.126376933172822,0.108932934615454,0.122476238731209,0.181084406206601,0.123803785121237,0.12415326393997099,0.15440839978003199,0.0706831027564513,0.0882379809898101,0.14045677860651504,0.129514389450006,0.12091747047562801,0.113979563018231,0.07093057036010901,0.0652890877297356,0.0795037492864626,0.0546261894063439,0.0554243795566543,0.0606663105962783,0.0701652630918428,0.0449200428862224,0.0794119683281163,0.0702908172239914,0.0485754326298251,0.0471681622902164,0.0672839541675543,0.0626369670909594,0.0413309075495085,0.0576464790981553,0.10571500082908901,0.105456111021188,0.0633420491334705,0.11250235721268302,0.122064257955018,0.134050256706148,0.11998355663485902,0.0625429723055598,0.11285700607004599,0.0647191063982039,0.098335127303509,0.0788580476546698,0.0256042021086534,0.0648697499449601,0.0567528280801798
0.0794769584335616,0.094556230398429,0.0815224956750572,0.08205031168926899,0.0841176101000075,0.0813353239668193,0.0944076253487777,0.0889115619149289,0.0942173770100053,0.113492789914342,0.126889794303183,0.413186856540705,0.513952070199664,1.0,0.35955705550643297,0.13330106704945502,0.146786507840645,0.14755305123931603,0.111772714790421,0.109190395631449,0.09842626265129,0.15440024203046898,0.192336184690983,0.18092288949610102,0.17187178741202402,0.12366414349826699,0.109958669921517,0.10906526167155599,0.15214030432948,0.0981192336557966,0.0840670134940229,0.0850897791937022,0.0214354417626462,0.09869251350027801,0.015354234918243,0.0806442589617916,0.0130652756451851,0.0147208592427977,0.015238906996176001,0.0151714170384547,0.0148709707084136,0.0136399792704286,0.0182074628982635,0.0152941540977555,0.101086607675394,0.219806233891666,0.12283115708975999,0.128639577180556,0.124884652835822,0.11696978938641801,0.121363827305483,0.135081953263839,0.12312157721341802,0.12559460381676,0.168785248417149,0.126853093008557,0.128947575883253,0.17980345251039104,0.0711237419202049,0.104723830142965,0.15074335726407098,0.148068906738631,0.135819566993079,0.128835760558368,0.0601551301792033,0.0731411160060191,0.0733704004584945,0.0763753806720988,0.0582294031453474,0.0782905764829779,0.0777829537136716,0.0518578457986052,0.104240386627426,0.0912129661550659,0.0721071528238222,0.0465545160891384,0.0652943794931387,0.0673857841536815,0.043933237061072,0.0549599396440267,0.118274606887503,0.135104710209111,0.0601483766052978,0.12634128862775298,0.137102314055113,0.128828176108546,0.140823335231452,0.0664556370883283,0.132580585610647,0.0692137938316393,0.13319786885114698,0.10794811678647999,0.0389028523795876,0.0612186952597281,0.0743766084519929
0.0806902407418279,0.0692817501957569,0.0754081943457281,0.12335246688601101,0.10193836419535,0.10022644128857901,0.104148037273888,0.11135957425049499,0.0818373329804163,0.0906909746189543,0.11915901967563801,0.477245506586798,0.337859217887019,0.35955705550643297,1.0,0.125593420570959,0.14750530126199599,0.14530478613147302,0.094402064896861,0.0956852219372927,0.0965004690394766,0.12054624858691901,0.146878569461168,0.141163248804347,0.145474427925324,0.12083413181072698,0.11483171412296402,0.094738024408642,0.12138633015225,0.11625214608721302,0.12227255772016099,0.112746048086666,0.018773354286727002,0.0534852821439056,0.0158558638288075,0.0774583677235569,0.0179077273601293,0.0146281428590978,0.0151645219853846,0.019024303191807,0.0165952637016929,0.0192599058322891,0.0207667281198121,0.0186141451699718,0.0963296908136683,0.183405811318414,0.141352411464211,0.11287252795690302,0.11566935548268599,0.12034220047764697,0.10188602841248,0.1335338034431,0.119246864365285,0.12369329993549799,0.168303967856751,0.11074009849760301,0.12387947158117801,0.134345637674848,0.080924062288224,0.10221318384355,0.143799072413311,0.114900745212225,0.108360429165209,0.109317127142262,0.0599018355073631,0.0637426422342192,0.0810535408706852,0.0774787604612191,0.031808840521601,0.0751027917287313,0.0658394700733404,0.0454121486386113,0.0988679643377385,0.0684621781970473,0.0363343173350919,0.0361629645287033,0.063807300267973,0.0642344347377836,0.0589791192163435,0.0589053321906614,0.10351470106837599,0.0872559537475559,0.0764829767585687,0.12093297485568,0.139794983369759,0.102175785708328,0.11857656498689902,0.0842865685914443,0.120982027744866,0.081260308529204,0.0879821099008005,0.08088967397750599,0.0406252151901954,0.0528738504041012,0.0875781679044122
0.0620960021164102,0.0595570921353658,0.140755907265423,0.126339881978936,0.11409324750823802,0.11726885310384899,0.12150612322471199,0.11173360591115301,0.0648897989428749,0.0803349107241281,0.0932994647789251,0.12761734205223,0.14117531448593498,0.13330106704945502,0.125593420570959,1.0,0.435373958198939,0.4208061970719861,0.176510672989843,0.174358020990416,0.19423387421012803,0.219306656478676,0.21714419612926503,0.22426522917111102,0.20790890067749102,0.16948681338335198,0.20308870906891,0.16367937091261497,0.1906229769446,0.0761480079098696,0.06652355656483701,0.0766475663887693,0.012099904420622,0.0736701112673797,0.0128057418452202,0.0770110340263969,0.0129274529180915,0.0149052827981498,0.0136122233620359,0.0126956338961432,0.0186727995222585,0.0119927026839146,0.011707766916767,0.0111469428768839,0.10421331457745099,0.214315852760563,0.22542418664675898,0.22337423778481896,0.217003521103076,0.20081087072295603,0.226686567317212,0.156202896266647,0.144790679260254,0.17667205608767397,0.199665987980327,0.20493825676872102,0.193743732730118,0.221316076575515,0.0650240591219232,0.0901748683317724,0.117277716681828,0.12000138589013801,0.11672792212413699,0.111643607019456,0.0688501795747926,0.0552823076787078,0.0422365385964332,0.0590851436693961,0.0650605905036968,0.0678853849478083,0.0597545343644947,0.0536197951516673,0.0618807777225327,0.0470820467802685,0.0420247182398011,0.0538708784520251,0.0480266300482047,0.0379731572844106,0.0288893012467676,0.0459462163028466,0.14613959902995002,0.0811608379395087,0.0580149341221983,0.140225067279992,0.125855104153355,0.129727989158449,0.13984396241233601,0.0627022438527501,0.103044578412746,0.0520025242860589,0.0964424660620702,0.11487472620681201,0.0151975594644621,0.0535621588895517,0.0459326923316281
0.0814364300654351,0.08070161462414199,0.127818743889954,0.133785872903824,0.12858614554625802,0.114137438661996,0.12782656337608,0.118411448595932,0.0684808233816816,0.0775192810402658,0.10472739708074301,0.133312424013805,0.14747543776086902,0.146786507840645,0.14750530126199599,0.435373958198939,1.0,0.457300718408287,0.191362872263418,0.18760313255402397,0.19685405772454198,0.217314902182815,0.22523934534633602,0.23649544768530104,0.21780674223319002,0.18662901380128197,0.20529765937412,0.155750666464792,0.18943760677892,0.078854500934595,0.0810223573795854,0.0785341881162935,0.0132825832857278,0.0743817402301103,0.0125411380657709,0.0790784234591616,0.0106909489093528,0.0157897516110703,0.0148759788759745,0.0134760986112967,0.0142034682013807,0.0147257676670837,0.0133030686327293,0.0148789415126016,0.101528116272236,0.22561546674143304,0.23485014665602397,0.237657602156858,0.23685293399657897,0.229341897622841,0.24748815803268998,0.1883941513506,0.168158569790781,0.19037147113431302,0.19809839820329397,0.226130400919562,0.193442677306094,0.24437730339231198,0.0672533052494254,0.111992184302735,0.129143050199511,0.125356596374519,0.125277791335585,0.13185199276848,0.0631019951234497,0.0614212730673607,0.0545623375913759,0.0588841032811832,0.0479745881942501,0.0800145480350541,0.0654415329174689,0.0514268143474142,0.0632293379766372,0.052696222966872,0.0322391530814332,0.0471668514671765,0.0394439040057243,0.0362046983595095,0.0353817155637271,0.0476678791224326,0.165576203526729,0.0875625028574435,0.0793875942775925,0.13488346907400803,0.13556935842640302,0.112877907110503,0.12076789080919399,0.0584573544030955,0.120810418416264,0.054323201344955004,0.112747460855099,0.10769334257295098,0.0200172744355693,0.074115007609103,0.0494148089233201
0.0851716837773411,0.0938014069373714,0.130268438430115,0.138251171956855,0.14107383761803,0.12380246447181098,0.137034722133058,0.12547214797256,0.0924549370951185,0.0953295191476291,0.12219764188414199,0.14508987539662196,0.14546871811370002,0.14755305123931603,0.14530478613147302,0.4208061970719861,0.457300718408287,1.0,0.188955390704787,0.19074797792646803,0.196095868412527,0.232145206839278,0.24576928435666603,0.236469686899071,0.23539042259194,0.185643146215231,0.21961435109894398,0.171955602236781,0.21255964996566898,0.0967496062031837,0.08189112672610901,0.0884181320800657,0.0152096527774905,0.0900765866068662,0.013067465102641,0.107372081481467,0.0168932793167043,0.016498892357973,0.0141403485273313,0.0156396258893311,0.0118396479863076,0.012110445617823,0.0145510306277862,0.0137096963194381,0.123439562868129,0.239436380829072,0.24549556081033602,0.268711148983819,0.25923427951877503,0.253203565795183,0.261149777169635,0.17708919133440398,0.159631279284593,0.19361520088796802,0.207481993425264,0.24617899515399802,0.19615060073698104,0.24985182458764701,0.087654129939199,0.12051855657221601,0.12500853181925,0.140708220700961,0.13734984847735002,0.141773799688038,0.0715380110800636,0.0820620976875766,0.0649535632028269,0.0699127782186797,0.0487171067862589,0.0877781334436228,0.0871241542936855,0.0593525960187574,0.0782285946731313,0.0696118978407257,0.0519691300562704,0.0575624134179502,0.0681932870422694,0.0353611676335221,0.0426373635909042,0.0609606395326819,0.16141332602129801,0.0909427783402817,0.0687241459641636,0.161889574613337,0.17223905157878902,0.144611587652618,0.15443296649733898,0.0675403461587595,0.13254872650803298,0.0803116306969005,0.111438799816068,0.103029486117205,0.0219422843538964,0.0608408602948004,0.0645031010136937
0.06715938795976,0.0707700155335396,0.210255018067849,0.191877579921121,0.169425511197663,0.13861459883833,0.171086000975857,0.14875490777134803,0.0784991912917741,0.0715469412750361,0.0492388361215378,0.11754328469724301,0.0978364260769095,0.111772714790421,0.094402064896861,0.176510672989843,0.191362872263418,0.188955390704787,1.0,0.464912501525926,0.488998837935813,0.2079969958804,0.15399126167896302,0.185497958939136,0.176072080248915,0.26322993120903304,0.23823068921567303,0.246541694069249,0.157479558935953,0.0840228633953224,0.0596986538150807,0.0689474276559443,0.0190304444249832,0.0647876435714549,0.0134219905607969,0.0586200230990699,0.0184675466952538,0.0185417137911376,0.0154525641727131,0.0167119247311414,0.0220922331494315,0.0159952868999252,0.0156152533525507,0.0154624293610187,0.171781953028775,0.16382270084625303,0.25541569695369004,0.241561424178066,0.247323821203715,0.223403770395464,0.219865060122325,0.136585625862236,0.133119294057334,0.156573895920183,0.15664375755875698,0.197809820513107,0.15684054514329002,0.16145356152595802,0.0651391657816938,0.0922273257965777,0.10982384032236099,0.10776296357058199,0.0983230844687235,0.111642136873002,0.0493797668346406,0.0503732629530591,0.0511854208228194,0.0577050133314677,0.0588318747117842,0.0580971541341641,0.0549528553485217,0.0427690674543559,0.0453656178206824,0.0473738580163157,0.0245929458503902,0.044909536702758,0.0407331228504807,0.0360521235608849,0.0296994688298659,0.0372944041137135,0.142473452748497,0.0635907162170355,0.0508264060326588,0.10959803742240598,0.10927534904215302,0.10442562733632199,0.116068940020117,0.0346735953049439,0.079268533264085,0.0501315758542415,0.0932883938866332,0.12118492854045,0.0258556208049676,0.0573742083397312,0.0571010747298349
0.0630705310282227,0.0677921859844654,0.19738799246898103,0.183026348152745,0.15562060673020198,0.126320100090586,0.162273283520122,0.159470955129928,0.0793205322770173,0.0716167091524374,0.0609600520580853,0.12114119843305,0.0972493779578597,0.109190395631449,0.0956852219372927,0.174358020990416,0.18760313255402397,0.19074797792646803,0.464912501525926,1.0,0.446067510186669,0.167190765258552,0.14457166803813,0.167655073757077,0.151682494912183,0.24263277555603102,0.224826549141989,0.241120437600908,0.138125630432341,0.0818817626912544,0.0647644267935294,0.0667141719698055,0.0135408566047623,0.0555371385975719,0.0134350788043366,0.0539096641735323,0.0150697459513911,0.0164453874895307,0.0119522614759252,0.0128326079689467,0.0127813567960839,0.0136563426216951,0.015860340326629,0.0117813861586375,0.159375462517862,0.153199023566918,0.24344174507467,0.215483778354268,0.225422085024885,0.203760488435793,0.21417128471514701,0.14290371397514998,0.14101118693303,0.156726576498557,0.14031007271732598,0.188415988187065,0.14608656988902802,0.1678520756537,0.0579979686187423,0.09418603026835698,0.11853097231842599,0.0980947675137973,0.0998505112302164,0.105851105280055,0.0508816810555024,0.04505830028316099,0.0512353334829704,0.0627013932404369,0.0603168617203769,0.054792314948024,0.0668705762613265,0.0536889202873045,0.0529781646231053,0.0523125991334897,0.0249843441007486,0.0515743625649479,0.0481860873191844,0.0428325650598016,0.0334444835261126,0.0468395525017823,0.129131610931173,0.0591858677620761,0.0668221677202221,0.09727878771141302,0.12291746091639301,0.10555223533246601,0.102254928291795,0.0347074067174681,0.0708822754528328,0.0449533295329614,0.0842444249547831,0.0969106289021702,0.0210743929993624,0.0508398101400483,0.0567731535581856
0.0684688725177537,0.0546303395505744,0.20899244724042798,0.17974388959371101,0.160842106190668,0.13360440480569802,0.166754968271947,0.133279443595902,0.0871737343354583,0.0645085388453021,0.0510336156901758,0.10062358992489599,0.0876947208521048,0.09842626265129,0.0965004690394766,0.19423387421012803,0.19685405772454198,0.196095868412527,0.488998837935813,0.446067510186669,1.0,0.186967083564987,0.14401076711423702,0.17716716779640498,0.16927818593713098,0.23674548638691395,0.23231338210583802,0.24051669943121803,0.147305642561901,0.0819331507383296,0.0681711199953048,0.0684195353109153,0.0153172465178524,0.0536036045227138,0.0124907572073731,0.0602760810016898,0.0126094745358231,0.0145094026275586,0.010972094496285998,0.0116414974663837,0.0169756912212274,0.014776062928372,0.0141960288326707,0.0147271245899321,0.171595474197327,0.16149424202449802,0.281391513308888,0.23802523511190501,0.266491966787466,0.209931013367981,0.23136393689159804,0.16083199317785998,0.146585241723009,0.16101763431582902,0.14500691965155899,0.197601801606654,0.16724899117621697,0.17210890124481,0.0635143627228189,0.08823605239416803,0.109504429543194,0.11970889087513302,0.111227571591024,0.11823156434453999,0.0550286394821002,0.0409650861145291,0.0463641930174742,0.0552659798794578,0.0604383676049292,0.0783537297775772,0.0490630407435375,0.0475383298418739,0.0459875714341797,0.0472360762664086,0.0245214199232962,0.0489444032969093,0.0387685342815637,0.0349394024738975,0.033684891162837,0.040694044665722,0.13852527603545,0.0671137092224352,0.0525695748196926,0.10468177306314001,0.103127030026258,0.10208031046730001,0.12011236412656098,0.0360759139800727,0.0797405492005315,0.0510271438627352,0.0896468908029103,0.131996345260279,0.0232023802717175,0.060646034318434995,0.0470000355552654
0.0751009470459799,0.0831234748701186,0.17340142171168801,0.164075364873353,0.12227702182059899,0.12421564147656099,0.139054666045798,0.12597885724839097,0.0812774501991207,0.0938581013012358,0.0846099222701051,0.12501821616858502,0.142659526551257,0.15440024203046898,0.12054624858691901,0.219306656478676,0.217314902182815,0.232145206839278,0.2079969958804,0.167190765258552,0.186967083564987,1.0,0.43430582700721004,0.42323149089045004,0.249840316132847,0.180452682888009,0.19434473503668803,0.195125456317544,0.22951397238120103,0.0887714674211113,0.076099919008894,0.0898985540790744,0.0153611862270079,0.102056107403748,0.0162904007141826,0.06581161618282,0.0132536383655241,0.0139013648557065,0.0122759526703794,0.0124479106712602,0.0181053019660774,0.0153025127297169,0.0164997235279953,0.0147894385308341,0.11983607753572,0.236616026379413,0.217700232308311,0.236272983565582,0.225002454910242,0.22441009513406102,0.20273615965012196,0.190404778729115,0.160627010291129,0.18701378181013503,0.23137653193120397,0.19492829794925898,0.23500306870333298,0.22144820107917101,0.0625491588452666,0.0837489687409376,0.112075994256381,0.116923638355316,0.10345319070103999,0.106717675312178,0.0514716164748919,0.0388511446451879,0.0563493142330187,0.0622961901906504,0.0585086763721679,0.0756487168885729,0.0882316048808452,0.0728431216255302,0.0653386882511544,0.05476010765544399,0.0313634080349984,0.0628733547814557,0.0618426788907276,0.0425299870717783,0.0468604950852099,0.0454353913744507,0.138681256400838,0.0718547541316494,0.0530336991364444,0.11812538666939999,0.13236241154377698,0.12028102399559801,0.13118613814738,0.0541598670096406,0.12417373789346699,0.0571268653659463,0.14473112858903,0.13876992295260399,0.0258222601090077,0.0435317853519966,0.0550712018732416
