5.000000000000000000e-01,1.432905949903956651e-02,2.861184146105799891e-03,1.040935003671241386e-02,1.033277667811511626e-02,1.577680063162748697e-02,3.621276079224215391e-03,3.619251969437310701e-02,3.379554228687749184e-02,3.140022739364326659e-02,7.412798879251952452e-03,3.802662922589541972e-02,4.487128668540268928e-02,1.948717163838447133e-03,1.956699693239144586e-03,8.855216294003402308e-04,3.724004222342015141e-02,2.726161204071173537e-03,2.072633297105628668e-03,1.222543495725010934e-02,1.577680063162748697e-02,1.169906849764628873e-02,2.452254006901526118e-02,9.099067880209365210e-04,2.892735472014832179e-03,9.858143763902330048e-04,1.149023331346497867e-03,1.166943639144723058e-02,1.681946748940757637e-03,1.110241329079861977e-03,1.281053064893746939e-03,1.812343127315165902e-03,2.875251062954990722e-03,1.659776531457292413e-03,2.974524188786579690e-02,4.093291858310784195e-03,7.608343605842365041e-03,3.867841413135173975e-03,7.683203186402249099e-03,1.271913908979288056e-03,2.314736525065202652e-03,1.489471364345435790e-03,4.619570707083867946e-03,2.529984840319292327e-03,3.740251147434159925e-03,1.678322280964507709e-02,4.523410499671077362e-03,1.866325350984071726e-03,1.314620448066523405e-03,1.923001574344655740e-03,1.872092818946836240e-03,8.861150923897082032e-03,3.539933794508549978e-03,8.254446345199537710e-03
1.432905949903956651e-02,5.000000000000000000e-01,7.511328285346454206e-03,2.049921245943581855e-02,1.269444562940760801e-02,9.964501917600966305e-03,2.125894459073979226e-02,5.505384657910374936e-03,2.388268726510678341e-02,1.280800016096078631e-02,2.973813151258125620e-02,6.494225789901601764e-03,3.557312521419164764e-03,6.439588052608199477e-03,4.680203336074374026e-03,1.125419869859148585e-03,6.609630305794976166e-03,6.819572684266689624e-03,1.768682601868237694e-03,1.798128781560499184e-02,9.964501917600968040e-03,3.233984744739430706e-02,1.967185523188111351e-02,1.434101467639248631e-03,7.577867238568675515e-03,4.425193765538972500e-03,3.109302415618683119e-03,1.337780182990964961e-02,2.364411995603269388e-03,2.810573194075801674e-03,4.701835005040976879e-03,7.746732599826920002e-03,1.744094556524034608e-03,1.641175760359922953e-03,6.326694266112152173e-03,2.278439104175253999e-02,4.653358739422907425e-02,1.302065397565557031e-02,2.934310658594054683e-02,2.640889732778527090e-03,8.698156004313053677e-03,2.677667853968271425e-03,2.073713123661423408e-02,1.684299913401797119e-03,5.434909998994341164e-03,3.956941127624419297e-02,2.614501874559108791e-02,3.745046322140615103e-03,4.806624920321564409e-03,7.052336270792913461e-03,8.827598612327706637e-03,1.008457796766062606e-02,6.118834374351762341e-03,4.712007072146482192e-03
2.861184146105799891e-03,7.511328285346454206e-03,5.000000000000000000e-01,1.159008856114280075e-02,7.466322471576631974e-03,2.120842870394131722e-03,4.763272317224790525e-02,2.106034976332442528e-03,1.024302742829517540e-02,1.248565925271252763e-02,1.267829293597036097e-02,1.454975073383207558e-03,1.291561924766016466e-03,2.831356612585825532e-03,4.237097157742827913e-03,9.445649586810186352e-04,1.461765163970733111e-03,5.068117357381485277e-02,1.034955975688137868e-03,1.131677046192224034e-02,2.120842870394131722e-03,6.681899418037645991e-03,7.350611423165750655e-03,2.073631792358845895e-03,5.863217784506527530e-02,1.871782231730233313e-03,2.478702738087506206e-03,1.300717737026662810e-02,2.745880904692288120e-03,4.400100337795644426e-03,8.850070647661849310e-03,3.763921886084127012e-03,1.242110318316420360e-03,1.267972065145565831e-03,1.484037465881087947e-03,1.337924221749727839e-02,7.731858473259802314e-03,1.357153854506267660e-02,5.923759234356652803e-03,3.973058105162830499e-03,4.387326313890353366e-03,1.157341653892599714e-02,6.831807804732789591e-03,1.210019500008563094e-03,4.092035736449671501e-02,5.447513351381892514e-03,6.552074635079726400e-03,2.609569780101810357e-03,3.405112856374022112e-03,2.958128108717358439e-03,4.246523268612524028e-03,1.009477703353177033e-02,5.241558068663337150e-02,5.820672972438718784e-03
1.040935003671241386e-02,2.049921245943581855e-02,1.159008856114280075e-02,5.000000000000000000e-01,1.688897987699312583e-02,6.638842524310168899e-03,1.162171029385696344e-02,3.880829703479283209e-03,2.503819291116813478e-02,1.202966412661458234e-02,3.028821037093379354e-02,5.910614248499352838e-03,2.800270025576178431e-03,4.010122196661556476e-03,3.114180185820090898e-03,2.781782683694081389e-03,6.021010771327339056e-03,5.177149348438908616e-03,2.975399619732444281e-03,5.003365163007355426e-02,6.638842524310170634e-03,1.424230301736075996e-02,1.884341955801948840e-02,3.761159077823933525e-03,1.154520349483008704e-02,6.925038130853822249e-03,9.777189841801103148e-03,2.083932961073194784e-02,8.973628515666225852e-03,3.482928945103697278e-03,4.519622669245941700e-03,3.418523692073477654e-03,2.654553971044285813e-03,3.180574990265197348e-03,6.086843589969940724e-03,2.829007102346481339e-02,1.694022182631001183e-02,3.171161357520714541e-02,1.876669064795093503e-02,1.645905178921892517e-02,3.777457965229453346e-03,1.518187057474811377e-02,1.253063167855058765e-02,2.790929384359907336e-03,4.958156812518233272e-03,2.191631626152094892e-02,1.498489736136727341e-02,3.016380158223491963e-03,5.813789779326345407e-03,3.347227270235785933e-03,4.368103101083989186e-03,2.500458521944413579e-02,4.591683626312572167e-03,7.694595908442371929e-03
1.033277667811511626e-02,1.269444562940760801e-02,7.466322471576631974e-03,1.688897987699312583e-02,5.000000000000000000e-01,4.774790088810717571e-03,7.812781406899822409e-03,1.632863901128384088e-02,1.690177208237222256e-02,9.362889055100343666e-03,1.232830699657813320e-02,6.806869291520386070e-03,1.117732653106703195e-02,9.887183398786400512e-03,3.070415382725213971e-02,1.272802027328730386e-03,6.808362827831898612e-03,3.570631879899658669e-03,1.656517995481777885e-03,3.002890957849165682e-02,4.774790088810717571e-03,9.373078268420535764e-03,1.600456246199904314e-02,1.830167430388276398e-03,7.374002096490007985e-03,1.789854320850545579e-03,2.138053288507252379e-03,1.800907300797761901e-02,2.997900631733028259e-03,3.071661023239711640e-03,3.495090110290163463e-03,2.177011088168086944e-02,2.153315190997965971e-03,1.996165056973520785e-03,1.592324354785421350e-02,1.150091956974570034e-02,1.508755661575185078e-02,1.267476019341830934e-02,1.283766849753014208e-02,3.172021719225885574e-03,1.053229461363598338e-02,3.393713473531968436e-03,1.477780911042709047e-02,2.187365573293936338e-03,4.163037815939046871e-03,1.311873486705018507e-02,6.046216038368906233e-03,2.772677891732248587e-02,3.550839835623712665e-03,2.318914910848048766e-02,3.527950125236492367e-03,6.369678383652919475e-03,3.555156368532306523e-03,4.403328415750212659e-03
1.577680063162748697e-02,9.964501917600966305e-03,2.120842870394131722e-03,6.638842524310168899e-03,4.774790088810717571e-03,5.000000000000000000e-01,2.735452913704776966e-03,1.391761147746259190e-02,1.269654259063354024e-02,1.035644385964878435e-02,6.116197817384975977e-03,2.483664960867699306e-02,2.078842965008633262e-02,1.827270347515042113e-03,1.579375525725840081e-03,8.289517256204428919e-03,2.570006354461785644e-02,1.986374859672291639e-03,3.080185885634963150e-02,7.773250001099147460e-03,7.208430329939075065e-02,7.842418649004194442e-03,1.161719171257627470e-02,3.599417872476706921e-03,2.132281256719597163e-03,4.699390322718051405e-03,4.998576242797496752e-03,9.428089707552607390e-03,2.726773254374454270e-03,2.293572654321641806e-03,2.066986247992424162e-03,1.647922404359899312e-03,1.885847339724635099e-02,1.035570721881503772e-02,2.420035987805749592e-02,3.286258883520108438e-03,7.090909731286568901e-03,3.115742515484728158e-03,7.844595133622562014e-03,2.204024907821729856e-03,3.020096643771038106e-03,1.867470778531361538e-03,7.198949871666119119e-03,1.734135626500780611e-02,2.504159549888378480e-03,1.179223004573377517e-02,7.275881876996913127e-03,1.520418523779863609e-03,2.187007819851260158e-03,1.797693075115311054e-03,2.378139642594878818e-03,3.788897223777796912e-03,2.111046287787103713e-03,1.896032895036546193e-02
3.621276079224215391e-03,2.125894459073979226e-02,4.763272317224790525e-02,1.162171029385696344e-02,7.812781406899822409e-03,2.735452913704776966e-03,5.000000000000000000e-01,4.633187477015269715e-03,1.064131416397610247e-02,1.153499725826486258e-02,2.381167036479217916e-02,1.849806934994617817e-03,1.497802201637800975e-03,3.359857222296542666e-03,7.535675083196808309e-03,9.472116076450782379e-04,1.864955036743751876e-03,4.054040122467222895e-02,1.093380244695883047e-03,1.169296051167784296e-02,2.735452913704777833e-03,1.227945095997529969e-02,8.204394646793691792e-03,1.920589443879438737e-03,4.801727686219956631e-02,1.773973308257080538e-03,2.813397912383185095e-03,1.594936399827994941e-02,2.627612955099438864e-03,4.632517146976883847e-03,1.077623643085236574e-02,6.351233209813247904e-03,1.287294866286791241e-03,1.308991115923624233e-03,1.872818304796667558e-03,2.463610905036343890e-02,2.179893370237637185e-02,1.415745021981575091e-02,8.432227757543687974e-03,3.484167047621600059e-03,6.985556781677328304e-03,9.307615987467366542e-03,7.263133267149326708e-03,1.254196152034594723e-03,3.626113123159248330e-02,8.391974474143065049e-03,9.082357708825813253e-03,3.156812997858734170e-03,4.987047169556371208e-03,3.475058332436387065e-03,6.807983101814607182e-03,1.109158283375281766e-02,4.306173849967658007e-02,5.636115025007045615e-03
3.619251969437310701e-02,5.505384657910374936e-03,2.106034976332442528e-03,3.880829703479283209e-03,1.632863901128384088e-02,1.391761147746259190e-02,4.633187477015269715e-03,5.000000000000000000e-01,1.481292087502169424e-02,1.805112906860036059e-02,4.532141844104359274e-03,5.168614728705850370e-02,5.935484563008834591e-02,1.861263568191872829e-03,2.461453068162696572e-03,1.149286353977249219e-03,4.959974000648563475e-02,1.986416774887525202e-03,2.448406854470308938e-03,9.105631738883937856e-03,1.391761147746259364e-02,4.105620915341787538e-03,7.861225662342909148e-03,1.201059379392520419e-03,2.119224773128355888e-03,1.583027389542053433e-03,1.561604060974312912e-03,7.080732159549945476e-03,1.942911332036765994e-03,1.432416379998890151e-03,1.992283303940575474e-03,2.397737818369426958e-03,3.246987128190278495e-03,1.891729445931209473e-03,5.476009383804307518e-02,6.202656985187082923e-03,5.997349449179382834e-03,3.313686599812222175e-03,3.080990746430061454e-03,4.159983431945081175e-03,1.993993072239859821e-03,2.345916521923526506e-03,3.383539115635224564e-03,2.888837975613590785e-03,2.825786858158302935e-03,4.433283119668125771e-03,2.996932267747831613e-03,2.163693223317262639e-03,2.610827861591873394e-03,1.981431069299228760e-03,1.643118924686281157e-03,8.826048624821926369e-03,2.808953503157153846e-03,5.677944243935514022e-03
3.379554228687749184e-02,2.388268726510678341e-02,1.024302742829517540e-02,2.503819291116813478e-02,1.690177208237222256e-02,1.269654259063354024e-02,1.064131416397610247e-02,1.481292087502169424e-02,5.000000000000000000e-01,2.458927819270589551e-02,1.811947341297777403e-02,1.829508266546255035e-02,1.949433720417639848e-02,2.871057275411066124e-03,2.598309238616938310e-03,1.221443175977738682e-03,1.852896883650189189e-02,3.714497078724457273e-03,2.159073073601248862e-03,2.317681664841392958e-02,1.269654259063354024e-02,1.904610003127650553e-02,2.748241584050816616e-02,1.552322503639203119e-03,1.019964357476320360e-02,1.700356467911241093e-03,2.453577600785333563e-03,1.782491763933841816e-02,3.038128279970010899e-03,1.783699315700280289e-03,2.319809164533238530e-03,2.758864211786344299e-03,2.267406065066618782e-03,1.790873037611451614e-03,1.504943583642570984e-02,1.465034251341959005e-02,1.613800126822923647e-02,1.603585041477496170e-02,1.448068246857451419e-02,2.964496150833880600e-03,3.527522345748407284e-03,3.075523575150524574e-03,7.565225324346865413e-03,2.067200791512593689e-03,4.145786611632359606e-03,2.795923464477464288e-02,7.543396802214294948e-03,2.461741257284340897e-03,2.598252676223439337e-03,2.688198409312001110e-03,3.151197237472308857e-03,1.071260406511213154e-02,3.813183363381329738e-03,5.081152136408843660e-03
3.140022739364326659e-02,1.280800016096078631e-02,1.248565925271252763e-02,1.202966412661458234e-02,9.362889055100343666e-03,1.035644385964878435e-02,1.153499725826486258e-02,1.805112906860036059e-02,2.458927819270589551e-02,5.000000000000000000e-01,1.162655061117299007e-02,1.691015431319016493e-02,1.868761833948767020e-02,2.513242723695138705e-03,2.843027882691843804e-03,1.244597962267844898e-03,1.665208496198893051e-02,9.440110464649247718e-03,2.290792697693624924e-03,1.338236919146606682e-02,1.035644385964878608e-02,9.904644597912572526e-03,4.031668713273250937e-02,1.724513545747187676e-03,1.264133257143368154e-02,1.679034975802176297e-03,2.114328399116203148e-03,1.250385591765798207e-02,4.102269819274535767e-03,2.155013187832332481e-03,2.426601700879299495e-03,2.740831872965394413e-03,2.093995416152346061e-03,1.463690624367293240e-03,1.701674716611709104e-02,8.524714441812722768e-03,6.866955975351054370e-03,9.103720663594997570e-03,6.200318526076872838e-03,3.236812270645933985e-03,3.055464172050386014e-03,3.658245531890221176e-03,6.267607467240175929e-03,1.717119199122457262e-03,1.358125773003120498e-02,1.435195960668312481e-02,5.914444128989863533e-03,2.486735194634638602e-03,2.425355579919193962e-03,2.715586261143335990e-03,2.763829446970172011e-03,5.438424530330018478e-03,1.447033062634195399e-02,1.574687154309053344e-02
7.412798879251952452e-03,2.973813151258125620e-02,1.267829293597036097e-02,3.028821037093379354e-02,1.232830699657813320e-02,6.116197817384975977e-03,2.381167036479217916e-02,4.532141844104359274e-03,1.811947341297777403e-02,1.162655061117299007e-02,5.000000000000000000e-01,5.553234065308608122e-03,2.706576455597820355e-03,3.746224227522289025e-03,3.847523381791835822e-03,1.287494509193102968e-03,5.633737370590459134e-03,6.512775855624900953e-03,1.562644911812422844e-03,2.292787952317150435e-02,6.116197817384975977e-03,1.101118490098482519e-02,1.503990561852342443e-02,1.810097328608868726e-03,1.270082917854690671e-02,2.320495976424549831e-03,9.061192433658649820e-03,2.481911940371765019e-02,2.814823784441972034e-03,2.756779687877147170e-03,4.918840419376719827e-03,4.434303732529597426e-03,1.933456973275369433e-03,2.143418162267344759e-03,5.521220045753975555e-03,4.409254431572396521e-02,2.635852702522935298e-02,4.092944869251680801e-02,1.712836433114192647e-02,3.457843781491042393e-03,6.323148245443954013e-03,3.444144067799580732e-03,8.691376068641749192e-03,1.969570077659405730e-03,5.592345931248819679e-03,1.547607129845787396e-02,2.244559074340565785e-02,3.320809197261507563e-03,5.094305588542662883e-03,3.599310991901981220e-03,6.245062938778580056e-03,3.654927656804858593e-02,5.926652729860990357e-03,8.164994427305588554e-03
3.802662922589541972e-02,6.494225789901601764e-03,1.454975073383207558e-03,5.910614248499352838e-03,6.806869291520386070e-03,2.483664960867699306e-02,1.849806934994617817e-03,5.168614728705850370e-02,1.829508266546255035e-02,1.691015431319016493e-02,5.553234065308608122e-03,5.000000000000000000e-01,5.976924948311761188e-02,1.487940818823582168e-03,1.836770131683879669e-03,9.211014938878834060e-04,6.471207112248486548e-02,1.395432236901169524e-03,2.542806678813059468e-03,8.506396605240752751e-03,2.483664960867699653e-02,3.449871819890130802e-03,1.346280474920633248e-02,8.229025944630150849e-04,1.457958918439240976e-03,9.010525267022174902e-04,1.089831124715935368e-03,1.068487601408248458e-02,1.175597793739056917e-03,8.550491426378120218e-04,8.866178404728570269e-04,1.636560458132454727e-03,2.974167350398581027e-03,1.570906400425851933e-03,5.743008977386575287e-02,2.500044328025539334e-03,3.410177854626677066e-03,2.527231984558302516e-03,2.963824411630263615e-03,9.707225764758612221e-04,1.485837194368714101e-03,9.361288402267029310e-04,3.336212363383056576e-03,2.585721737327680275e-03,2.491419351243833423e-03,7.607805631553100217e-03,2.697130524903637756e-03,1.738815363171196133e-03,9.370519837483286176e-04,1.779759341863240089e-03,1.102630183595283567e-03,7.682462827666643700e-03,2.181917640080550426e-03,5.340804879259521305e-03
4.487128668540268928e-02,3.557312521419164764e-03,1.291561924766016466e-03,2.800270025576178431e-03,1.117732653106703195e-02,2.078842965008633262e-02,1.497802201637800975e-03,5.935484563008834591e-02,1.949433720417639848e-02,1.868761833948767020e-02,2.706576455597820355e-03,5.976924948311761188e-02,5.000000000000000000e-01,1.447408167906978974e-03,1.750602188565229811e-03,9.438694154921119196e-04,5.854682012757728149e-02,1.276432085574902503e-03,2.412880902201795970e-03,5.349850054625219023e-03,2.078842965008633609e-02,3.106380584893885660e-03,1.096057416953810301e-02,8.403286927542415533e-04,1.299805298546177594e-03,8.730589741803474087e-04,1.043947907075652584e-03,8.269877051519443356e-03,1.110494408057447488e-03,8.445057660514637514e-04,8.882984055687522321e-04,1.539570102251549329e-03,3.203625370898337960e-03,1.686940138663978140e-03,5.391557155268018181e-02,2.223453619544047809e-03,2.738412529332240331e-03,2.349086697748108653e-03,2.460119926836679214e-03,9.719738521938898904e-04,1.348220376168184510e-03,8.974418843308996484e-04,2.849637706306111171e-03,2.795986696125113587e-03,2.433601480919824010e-03,4.050586530171958535e-03,2.230074792273404726e-03,1.664179996237801894e-03,9.888772182377715894e-04,1.657434521546362251e-03,9.943073131084851496e-04,8.532477321477632826e-03,2.219857768754707888e-03,5.706712359881463241e-03
1.948717163838447133e-03,6.439588052608199477e-03,2.831356612585825532e-03,4.010122196661556476e-03,9.887183398786400512e-03,1.827270347515042113e-03,3.359857222296542666e-03,1.861263568191872829e-03,2.871057275411066124e-03,2.513242723695138705e-03,3.746224227522289025e-03,1.487940818823582168e-03,1.447408167906978974e-03,5.000000000000000000e-01,2.095252436260231638e-02,4.584971357297188549e-03,1.482163946988646237e-03,3.044413828994846447e-03,4.263057337103173285e-03,6.546811683949087940e-03,1.827270347515042330e-03,4.924204625103400200e-03,3.143037073226144333e-03,5.786223457614253843e-03,2.848012181609086736e-03,5.941884934230931906e-03,4.031674350335794944e-03,6.186007326237662196e-03,4.969956000630527948e-03,3.667108734471104248e-02,2.117289568561911417e-02,2.061549479250965322e-02,2.962280192245083429e-03,4.696691371813060609e-03,1.583240227062739569e-03,4.114796936591371725e-03,1.031343538331250254e-02,3.408773329803026393e-03,4.692998873437691405e-03,1.040367260316961417e-02,9.348598973979247578e-03,6.358227118336806649e-03,1.068987392390180133e-02,8.375943956452235398e-03,4.326432451646973140e-03,7.014385250894789904e-03,7.605807340236862141e-03,2.261664351079894705e-02,3.702523070946547867e-02,2.390880015122774302e-02,2.563873114727721614e-02,3.435055692566298807e-03,2.722209683046038740e-03,4.280448013716745687e-03
1.956699693239144586e-03,4.680203336074374026e-03,4.237097157742827913e-03,3.114180185820090898e-03,3.070415382725213971e-02,1.579375525725840081e-03,7.535675083196808309e-03,2.461453068162696572e-03,2.598309238616938310e-03,2.843027882691843804e-03,3.847523381791835822e-03,1.836770131683879669e-03,1.750602188565229811e-03,2.095252436260231638e-02,5.000000000000000000e-01,1.247811399181162663e-03,1.829616202913786523e-03,4.054925948975858854e-03,1.180603646369101376e-03,9.476620130769577294e-03,1.579375525725840081e-03,5.169134844137550366e-03,2.755897647090400568e-03,1.594278305132045253e-03,4.264267927440433884e-03,2.837942590450562991e-03,1.652644162909865056e-03,7.955347585543252539e-03,1.545105459873571691e-03,7.979528374536875093e-03,1.257167263473124574e-02,7.929885179865329980e-02,1.389141580177733100e-03,1.946322115387756971e-03,1.978569804155522454e-03,4.663195347253896832e-03,8.098974345115727766e-03,3.030234846985426812e-03,3.675831664876945230e-03,2.511209442798438898e-03,2.147998107464879972e-02,2.397935287285089291e-03,8.437923795858517928e-03,2.049653335253474092e-03,3.939039086776867024e-03,3.401949963165772431e-03,3.746177866311242634e-03,8.100519589739321735e-02,8.173119926375999739e-03,7.024486482060475490e-02,4.653328188893284673e-03,2.876768526700330085e-03,3.945429139171650196e-03,3.248242172480036039e-03
8.855216294003402308e-04,1.125419869859148585e-03,9.445649586810186352e-04,2.781782683694081389e-03,1.272802027328730386e-03,8.289517256204428919e-03,9.472116076450782379e-04,1.149286353977249219e-03,1.221443175977738682e-03,1.244597962267844898e-03,1.287494509193102968e-03,9.211014938878834060e-04,9.438694154921119196e-04,4.584971357297188549e-03,1.247811399181162663e-03,5.000000000000000000e-01,9.204695004526931065e-04,8.393812429250335425e-04,6.651872683718423884e-02,1.312599358841003800e-03,8.289517256204430654e-03,1.285434455920416450e-03,2.065612909330333778e-03,3.324192658232079378e-02,9.385895616878998406e-04,5.357825127664957165e-02,3.688727803269736816e-02,1.097723651204844057e-03,2.496400448075859757e-02,8.351659330985741411e-03,1.142901609708481259e-02,9.404164099336167993e-04,4.483225933646656225e-02,4.436587706536276182e-02,9.691148839385731401e-04,1.522814230223368953e-03,1.140508773330996609e-03,1.421883433493584216e-03,1.247193801839875920e-03,1.500661420347364217e-02,5.866159091707772583e-03,1.317578801663498236e-02,1.283048433054143501e-03,3.489338654849724608e-02,1.154284166476893031e-03,1.157892797422584771e-03,1.134195553587346705e-03,9.820630403769635246e-04,1.014188263636158112e-02,9.994772563470478901e-04,8.249440361354817841e-03,1.187254683550353256e-03,7.478272539741003845e-04,5.127168241379011920e-03
3.724004222342015141e-02,6.609630305794976166e-03,1.461765163970733111e-03,6.021010771327339056e-03,6.808362827831898612e-03,2.570006354461785644e-02,1.864955036743751876e-03,4.959974000648563475e-02,1.852896883650189189e-02,1.665208496198893051e-02,5.633737370590459134e-03,6.471207112248486548e-02,5.854682012757728149e-02,1.482163946988646237e-03,1.829616202913786523e-03,9.204695004526931065e-04,5.000000000000000000e-01,1.402016564909882614e-03,2.594019081728131566e-03,8.607437724321934797e-03,2.570006354461785991e-02,3.510541546139562229e-03,1.365065174352485082e-02,8.207024637638575884e-04,1.464587560458047860e-03,9.016456389134427322e-04,1.089328841480008371e-03,1.081689292450468617e-02,1.176685166623659112e-03,8.552758900228224362e-04,8.848239623821454059e-04,1.632152028009553005e-03,2.963563374112498580e-03,1.565725136289843576e-03,5.796802674388593785e-02,2.527015969920051036e-03,3.458783695615859181e-03,2.552453054073824945e-03,3.023649558346830357e-03,9.664548409810834375e-04,1.494375561418598720e-03,9.373238235009412637e-04,3.364596388138524005e-03,2.574951735642022795e-03,2.501298472706570825e-03,7.748002536188156736e-03,2.727265303733231259e-03,1.733441804949629149e-03,9.326396005663131240e-04,1.774334231178045264e-03,1.106055999264818780e-03,7.571438170039187371e-03,2.186163315151819220e-03,5.342194329371776143e-03
2.726161204071173537e-03,6.819572684266689624e-03,5.068117357381485277e-02,5.177149348438908616e-03,3.570631879899658669e-03,1.986374859672291639e-03,4.054040122467222895e-02,1.986416774887525202e-03,3.714497078724457273e-03,9.440110464649247718e-03,6.512775855624900953e-03,1.395432236901169524e-03,1.276432085574902503e-03,3.044413828994846447e-03,4.054925948975858854e-03,8.393812429250335425e-04,1.402016564909882614e-03,5.000000000000000000e-01,9.273915032917606554e-04,4.487666147278921228e-03,1.986374859672291639e-03,6.472721750447694294e-03,4.174121082550294980e-03,2.065150132440098357e-03,4.953134249256162247e-02,1.917115953526478530e-03,1.948639575361853487e-03,7.366617613118448156e-03,2.658563227878278819e-03,5.305957725779439187e-03,8.993783094092291236e-03,3.519007468698460463e-03,1.419555337309395338e-03,1.179390849620161764e-03,1.366306637161577263e-03,7.091182774846700385e-03,1.010284320229353980e-02,5.845556286989074014e-03,1.060251164443902841e-02,7.632563017727449911e-03,5.250175602411775999e-03,1.253374245680903901e-02,6.942988551133025266e-03,1.232885060385555901e-03,4.401840365748872080e-02,5.265008893126992343e-03,1.030832441463105237e-02,2.579145201041972701e-03,3.648450408777551869e-03,2.937358673744557697e-03,5.270596108837047669e-03,5.573586687662068079e-03,5.132323912157959328e-02,5.917595896055102833e-03
2.072633297105628668e-03,1.768682601868237694e-03,1.034955975688137868e-03,2.975399619732444281e-03,1.656517995481777885e-03,3.080185885634963150e-02,1.093380244695883047e-03,2.448406854470308938e-03,2.159073073601248862e-03,2.290792697693624924e-03,1.562644911812422844e-03,2.542806678813059468e-03,2.412880902201795970e-03,4.263057337103173285e-03,1.180603646369101376e-03,6.651872683718423884e-02,2.594019081728131566e-03,9.273915032917606554e-04,5.000000000000000000e-01,1.784242990182050405e-03,3.080185885634963497e-02,2.019006813856466000e-03,2.657791734236963389e-03,2.629387248982634206e-02,1.032159070612626798e-03,4.250389859585492619e-02,3.649754014876910313e-02,1.610936092179565508e-03,1.904529100197907901e-02,7.547521560492945203e-03,9.233236662068648737e-03,9.641122967900645716e-04,2.834269704320747235e-02,4.296720649200634623e-02,2.591743065478740136e-03,1.724430024783363616e-03,1.657319226111757552e-03,1.663515348819673842e-03,1.832828849594826236e-03,1.250242585953339342e-02,5.423165085609736938e-03,1.106048907266935638e-02,1.803357904710065334e-03,2.214946746574070202e-02,1.184483586281615767e-03,1.939776040817224644e-03,1.537719258028562384e-03,1.000927220764555921e-03,6.586694680669031264e-03,1.021068832793235607e-03,7.279710970655639199e-03,1.491473988686515574e-03,8.499540389389383241e-04,5.361539903653751021e-03
1.222543495725010934e-02,1.798128781560499184e-02,1.131677046192224034e-02,5.003365163007355426e-02,3.002890957849165682e-02,7.773250001099147460e-03,1.169296051167784296e-02,9.105631738883937856e-03,2.317681664841392958e-02,1.338236919146606682e-02,2.292787952317150435e-02,8.506396605240752751e-03,5.349850054625219023e-03,6.546811683949087940e-03,9.476620130769577294e-03,1.312599358841003800e-03,8.607437724321934797e-03,4.487666147278921228e-03,1.784242990182050405e-03,5.000000000000000000e-01,7.773250001099149195e-03,1.080753351870070329e-02,1.928052713862832973e-02,2.227034814065168705e-03,1.127062027312294122e-02,1.960093471653726917e-03,3.277588224430508582e-03,2.609216655554017286e-02,4.454236868596477168e-03,2.300249927866004386e-03,2.971837996071602546e-03,7.696138498054996488e-03,2.102803929104102125e-03,1.962135148887176727e-03,1.211717878326294857e-02,1.917411190641661600e-02,1.621677498719742427e-02,2.171585963236993128e-02,1.720526488665873391e-02,5.525619448219463124e-03,4.069719523761903060e-03,8.131514106872763520e-03,1.688990598077426408e-02,1.996280291303694724e-03,4.735885131085596812e-03,1.784615770433812046e-02,1.143974649422504694e-02,7.545530369003473556e-03,3.297879259125716632e-03,8.117703031852583490e-03,3.465432253025842527e-03,1.501336600291826653e-02,4.189857523664436423e-03,4.931397062435620600e-03
1.577680063162748697e-02,9.964501917600968040e-03,2.120842870394131722e-03,6.638842524310170634e-03,4.774790088810717571e-03,7.208430329939075065e-02,2.735452913704777833e-03,1.391761147746259364e-02,1.269654259063354024e-02,1.035644385964878608e-02,6.116197817384975977e-03,2.483664960867699653e-02,2.078842965008633609e-02,1.827270347515042330e-03,1.579375525725840081e-03,8.289517256204430654e-03,2.570006354461785991e-02,1.986374859672291639e-03,3.080185885634963497e-02,7.773250001099149195e-03,5.000000000000000000e-01,7.842418649004194442e-03,1.161719171257627470e-02,3.599417872476706921e-03,2.132281256719597163e-03,4.699390322718051405e-03,4.998576242797496752e-03,9.428089707552607390e-03,2.726773254374454704e-03,2.293572654321641806e-03,2.066986247992424596e-03,1.647922404359899746e-03,1.885847339724635099e-02,1.035570721881503772e-02,2.420035987805749939e-02,3.286258883520108871e-03,7.090909731286570636e-03,3.115742515484728158e-03,7.844595133622562014e-03,2.204024907821729856e-03,3.020096643771038539e-03,1.867470778531361538e-03,7.198949871666119119e-03,1.734135626500780611e-02,2.504159549888378480e-03,1.179223004573377517e-02,7.275881876996913127e-03,1.520418523779863825e-03,2.187007819851260158e-03,1.797693075115311054e-03,2.378139642594878818e-03,3.788897223777796912e-03,2.111046287787103713e-03,1.896032895036546539e-02
1.169906849764628873e-02,3.233984744739430706e-02,6.681899418037645991e-03,1.424230301736075996e-02,9.373078268420535764e-03,7.842418649004194442e-03,1.227945095997529969e-02,4.105620915341787538e-03,1.904610003127650553e-02,9.904644597912572526e-03,1.101118490098482519e-02,3.449871819890130802e-03,3.106380584893885660e-03,4.924204625103400200e-03,5.169134844137550366e-03,1.285434455920416450e-03,3.510541546139562229e-03,6.472721750447694294e-03,2.019006813856466000e-03,1.080753351870070329e-02,7.842418649004194442e-03,5.000000000000000000e-01,1.284340339729188665e-02,1.424331509960452807e-03,6.745428584056188323e-03,5.233535694383328711e-03,3.012895979612369331e-03,8.581015257876389510e-03,1.958914423673679007e-03,4.153472092106995708e-03,4.744424323207148235e-03,8.827600911232698355e-03,1.791935113902575014e-03,2.155869741175369270e-03,3.322661895131778786e-03,1.372279336078567266e-02,2.849094747719651058e-02,8.379293582664714551e-03,2.521204670766817590e-02,2.520180380777693567e-03,1.683740799356518020e-02,2.204287935185978223e-03,4.377752921850303763e-02,1.829759138441941751e-03,6.279183868696146947e-03,3.186841056790130217e-02,2.216589840361222682e-02,4.983932826160979851e-03,3.827370766291782276e-03,8.968329478875776417e-03,6.350068856477328674e-03,8.228919521769031964e-03,5.702851061886731951e-03,4.939397467907725471e-03
2.452254006901526118e-02,1.967185523188111351e-02,7.350611423165750655e-03,1.884341955801948840e-02,1.600456246199904314e-02,1.161719171257627470e-02,8.204394646793691792e-03,7.861225662342909148e-03,2.748241584050816616e-02,4.031668713273250937e-02,1.503990561852342443e-02,1.346280474920633248e-02,1.096057416953810301e-02,3.143037073226144333e-03,2.755897647090400568e-03,2.065612909330333778e-03,1.365065174352485082e-02,4.174121082550294980e-03,2.657791734236963389e-03,1.928052713862832973e-02,1.161719171257627470e-02,1.284340339729188665e-02,5.000000000000000000e-01,3.063858684672280709e-03,7.285371599671840517e-03,2.913155842051240105e-03,2.620895175072200482e-03,1.468432808196657585e-02,2.013578867842931441e-02,2.515894371972701195e-03,2.637792981891281304e-03,2.418899146267149396e-03,3.041128731580002020e-03,2.291191360027836684e-03,1.325345286417933637e-02,1.155326150531542709e-02,1.232795612862647508e-02,1.196420730591777302e-02,1.295761303211564672e-02,5.077368502213328721e-03,3.487806528470689064e-03,5.921485069523946265e-03,6.614927143602879200e-03,2.731914573024663527e-03,8.332795778375817405e-03,2.018577068958982493e-02,6.755763002373238457e-03,2.355820386083925470e-03,5.906503444278468629e-03,2.443491393179889580e-03,3.659187516211854455e-03,6.215812032795461906e-03,8.278503106011391929e-03,1.220363859120207617e-02
9.099067880209365210e-04,1.434101467639248631e-03,2.073631792358845895e-03,3.761159077823933525e-03,1.830167430388276398e-03,3.599417872476706921e-03,1.920589443879438737e-03,1.201059379392520419e-03,1.552322503639203119e-03,1.724513545747187676e-03,1.810097328608868726e-03,8.229025944630150849e-04,8.403286927542415533e-04,5.786223457614253843e-03,1.594278305132045253e-03,3.324192658232079378e-02,8.207024637638575884e-04,2.065150132440098357e-03,2.629387248982634206e-02,2.227034814065168705e-03,3.599417872476706921e-03,1.424331509960452807e-03,3.063858684672280709e-03,5.000000000000000000e-01,2.063497356855000051e-03,2.004042962259697941e-02,2.372721016414416212e-02,1.580786874632170115e-03,4.061164175367064366e-02,1.691412192810332754e-02,1.427804453724592325e-02,1.148217636792941932e-03,3.062236862337718024e-02,2.476804422911927858e-02,8.714905658124649616e-04,2.162366321325113853e-03,1.417586795732793436e-03,1.960443146878982582e-03,1.444561314691978010e-03,2.382278982632743403e-02,8.708323579543290546e-03,4.959228009482276323e-02,1.470889434758333898e-03,1.981756822100546114e-02,2.214329089803391409e-03,1.385251594645263472e-03,1.255355265926495116e-03,1.223448825009169514e-03,1.153079001202682655e-02,1.161180155809096465e-03,8.748008190310081755e-03,1.436729444855794216e-03,1.975334873575813281e-03,6.523218632351912918e-03
2.892735472014832179e-03,7.577867238568675515e-03,5.863217784506527530e-02,1.154520349483008704e-02,7.374002096490007985e-03,2.132281256719597163e-03,4.801727686219956631e-02,2.119224773128355888e-03,1.019964357476320360e-02,1.264133257143368154e-02,1.270082917854690671e-02,1.457958918439240976e-03,1.299805298546177594e-03,2.848012181609086736e-03,4.264267927440433884e-03,9.385895616878998406e-04,1.464587560458047860e-03,4.953134249256162247e-02,1.032159070612626798e-03,1.127062027312294122e-02,2.132281256719597163e-03,6.745428584056188323e-03,7.285371599671840517e-03,2.063497356855000051e-03,5.000000000000000000e-01,1.857580720019691390e-03,2.479576959834958304e-03,1.304691432276963020e-02,2.715773691920374180e-03,4.426494777129207775e-03,8.458943525460990709e-03,3.801711705175843219e-03,1.241653220035677293e-03,1.268082045471381454e-03,1.490006344092641415e-03,1.339740080268100181e-02,7.795660222420507622e-03,1.358162634362821038e-02,5.957321594285403671e-03,3.878592910959322883e-03,4.416878381246495261e-03,1.030765841823097495e-02,6.907585786822340729e-03,1.211979248073183704e-03,4.183559907676862033e-02,5.504773936078753704e-03,6.616423770178800692e-03,2.630583937887923281e-03,3.366688958309490848e-03,2.992740135024799311e-03,4.273409494282686544e-03,1.021637662603475105e-02,5.297367565561571234e-02,5.848521561277553703e-03
9.858143763902330048e-04,4.425193765538972500e-03,1.871782231730233313e-03,6.925038130853822249e-03,1.789854320850545579e-03,4.699390322718051405e-03,1.773973308257080538e-03,1.583027389542053433e-03,1.700356467911241093e-03,1.679034975802176297e-03,2.320495976424549831e-03,9.010525267022174902e-04,8.730589741803474087e-04,5.941884934230931906e-03,2.837942590450562991e-03,5.357825127664957165e-02,9.016456389134427322e-04,1.917115953526478530e-03,4.250389859585492619e-02,1.960093471653726917e-03,4.699390322718051405e-03,5.233535694383328711e-03,2.913155842051240105e-03,2.004042962259697941e-02,1.857580720019691390e-03,5.000000000000000000e-01,3.658094074718813010e-02,1.818542958145443877e-03,3.208487502842056333e-02,1.416860221928338201e-02,2.857727070321768037e-02,4.167988028297086103e-03,2.903389518533313479e-02,4.368908616574812553e-02,9.469390645165322480e-04,3.644877978445475175e-03,5.054333215697730773e-03,2.325841789472790459e-03,5.368669846916728980e-03,2.743254407860739111e-02,1.184269008209449733e-02,1.492085468766268797e-02,5.587305430426237063e-03,3.316771475244247036e-02,2.608231035375560905e-03,4.779981083787604446e-03,5.498397868600752442e-03,1.757070832497521773e-03,1.196658953821319593e-02,4.830070045297308115e-03,2.076355060440313385e-02,2.024681567069921799e-03,1.736036949221713213e-03,4.601814560765686568e-03
1.149023331346497867e-03,3.109302415618683119e-03,2.478702738087506206e-03,9.777189841801103148e-03,2.138053288507252379e-03,4.998576242797496752e-03,2.813397912383185095e-03,1.561604060974312912e-03,2.453577600785333563e-03,2.114328399116203148e-03,9.061192433658649820e-03,1.089831124715935368e-03,1.043947907075652584e-03,4.031674350335794944e-03,1.652644162909865056e-03,3.688727803269736816e-02,1.089328841480008371e-03,1.948639575361853487e-03,3.649754014876910313e-02,3.277588224430508582e-03,4.998576242797496752e-03,3.012895979612369331e-03,2.620895175072200482e-03,2.372721016414416212e-02,2.479576959834958304e-03,3.658094074718813010e-02,5.000000000000000000e-01,3.036410562858975377e-03,1.499647688783177675e-02,1.691561091572896247e-02,8.886138280464547443e-03,1.640686728688412269e-03,2.625388673910620044e-02,5.915130320847157563e-02,1.165375866824699437e-03,1.023772281243283747e-02,3.164809378864367161e-03,1.205848209027353055e-02,3.073739664725681428e-03,2.120741907844892610e-02,1.527630583041333923e-02,8.781967728767596515e-03,2.837165750442846752e-03,3.169248363632103799e-02,2.231801179877971296e-03,2.655499802489125899e-03,3.135665298250395021e-03,1.579705636441614512e-03,1.100138464379004505e-02,1.533511811370743584e-03,1.444970346843627712e-02,1.174695288193841787e-02,1.679460469478248619e-03,8.821366573576896672e-03
1.166943639144723058e-02,1.337780182990964961e-02,1.300717737026662810e-02,2.083932961073194784e-02,1.800907300797761901e-02,9.428089707552607390e-03,1.594936399827994941e-02,7.080732159549945476e-03,1.782491763933841816e-02,1.250385591765798207e-02,2.481911940371765019e-02,1.068487601408248458e-02,8.269877051519443356e-03,6.186007326237662196e-03,7.955347585543252539e-03,1.097723651204844057e-03,1.081689292450468617e-02,7.366617613118448156e-03,1.610936092179565508e-03,2.609216655554017286e-02,9.428089707552607390e-03,8.581015257876389510e-03,1.468432808196657585e-02,1.580786874632170115e-03,1.304691432276963020e-02,1.818542958145443877e-03,3.036410562858975377e-03,5.000000000000000000e-01,2.393418995574317885e-03,2.536334518743573602e-03,4.663156930574646752e-03,7.890552005439591815e-03,2.033523286281460965e-03,1.820181392798849579e-03,1.087096743773155808e-02,2.585957311989671784e-02,1.525559418823027938e-02,2.297564282138576247e-02,1.131215070437375375e-02,3.075843673086474991e-03,4.072867816220827018e-03,3.199001954912190915e-03,1.656362086451111312e-02,1.912191385583127644e-03,2.196552162106797657e-02,1.081133898921300858e-02,1.519203590698831041e-02,7.037293550965942161e-03,4.180034088366286517e-03,7.329444299636297608e-03,3.425363427496713221e-03,1.953435361255636410e-02,6.994172739928685920e-03,5.891895427778274033e-03
1.681946748940757637e-03,2.364411995603269388e-03,2.745880904692288120e-03,8.973628515666225852e-03,2.997900631733028259e-03,2.726773254374454270e-03,2.627612955099438864e-03,1.942911332036765994e-03,3.038128279970010899e-03,4.102269819274535767e-03,2.814823784441972034e-03,1.175597793739056917e-03,1.110494408057447488e-03,4.969956000630527948e-03,1.545105459873571691e-03,2.496400448075859757e-02,1.176685166623659112e-03,2.658563227878278819e-03,1.904529100197907901e-02,4.454236868596477168e-03,2.726773254374454704e-03,1.958914423673679007e-03,2.013578867842931441e-02,4.061164175367064366e-02,2.715773691920374180e-03,3.208487502842056333e-02,1.499647688783177675e-02,2.393418995574317885e-03,5.000000000000000000e-01,7.322883507137098458e-03,1.172664948198553179e-02,1.193205599600665693e-03,1.919198986167036658e-02,1.568341705045542267e-02,1.242075089189076300e-03,2.810996636353402765e-03,2.243159160138800436e-03,3.064496710209524757e-03,2.554486674517415790e-03,5.103599659696368696e-02,4.316169146080245898e-03,7.180865988108112163e-02,2.352619571737441916e-03,1.766075250709811875e-02,2.941752952878438649e-03,2.641845164383115063e-03,1.883447166484398215e-03,1.197003798732321038e-03,1.646061005253383197e-02,1.253235661694077898e-03,1.114248436365414610e-02,1.919867553701222473e-03,2.437471788574399438e-03,3.166494054618140472e-03
