5.000000000000000000e-01,1.139491803972549760e-02,1.059168027373874610e-02,1.120429669924823471e-02,1.196179216826953433e-02,1.196932990774839459e-02,9.986462135969095127e-03,1.329793736075646736e-02,1.425834424199932948e-02,1.383395820269445534e-02,1.128506643537749085e-02,1.448344760177295437e-02,1.463425372158476054e-02,8.487411919634330754e-03,9.801720709451872127e-03,5.381474513407040645e-03,1.409932437602191141e-02,9.549029999474028391e-03,7.730950127051219693e-03,1.176013147959121402e-02,1.196932990774839459e-02,1.131717170567570104e-02,1.156792175476882914e-02,5.807514189536008148e-03,1.068810847386391510e-02,5.653016680244599655e-03,6.801488503749396862e-03,1.049147009904236039e-02,4.887532574338311273e-03,4.736876052091215997e-03,5.295313279577145565e-03,9.052805056837472802e-03,5.791894558139594126e-03,6.598185778090440504e-03,1.416879491660293436e-02,1.101425412952737951e-02,1.049226500511795876e-02,1.247564791853536179e-02,1.114234882623455283e-02,4.798505798383531813e-03,6.243157838130772297e-03,4.416031788056987671e-03,1.044902627627935371e-02,5.694755988177474006e-03,9.186176157792522862e-03,1.295614329885780638e-02,1.210548585484087433e-02,9.566114147906838380e-03,4.788510525652022072e-03,1.088034292303017084e-02,5.093873296515952914e-03,1.262782157479895410e-02,8.862980460570112767e-03,8.759521707959423004e-03
1.139491803972549760e-02,5.000000000000000000e-01,1.009124444597439031e-02,1.305726383199234605e-02,1.145985113928171817e-02,9.299961392483001646e-03,1.647128931825383308e-02,1.082412697772656973e-02,1.189387303746663668e-02,1.072353429971282732e-02,2.141216263506537029e-02,1.012691870946222719e-02,1.039512315484877186e-02,8.571237632552426017e-03,1.323677126309964064e-02,5.879667188377509651e-03,1.003620904269430375e-02,9.730705540314400076e-03,6.504277565223207797e-03,1.322364659533450601e-02,9.299961392483001646e-03,1.746878087972645807e-02,1.277204219911688698e-02,5.952534053170721075e-03,9.897690175544725244e-03,7.732235031448160545e-03,6.672966961884484183e-03,1.485231992208990714e-02,6.903821253689984908e-03,5.405578717535582459e-03,8.196592344288041593e-03,1.248736760544718119e-02,5.801056653680696992e-03,6.568584135398942633e-03,1.007883598913103355e-02,1.701514506350164380e-02,1.915670839528310979e-02,1.162434498246322015e-02,1.138355120817455442e-02,7.206224338133743884e-03,1.106608029696614856e-02,5.765928112647835529e-03,1.272288662218666946e-02,6.246794260539163118e-03,1.000939616135984936e-02,1.290017709331126375e-02,1.202741264711911992e-02,1.132336461090889881e-02,8.184152558259660815e-03,1.106875371112415671e-02,1.094881515670886353e-02,1.136197723551792167e-02,8.682566776871512501e-03,7.405864706329104430e-03
1.059168027373874610e-02,1.009124444597439031e-02,5.000000000000000000e-01,1.097972259126528405e-02,1.021843573350054296e-02,8.828027882011053179e-03,1.256367683998189586e-02,9.704301301303307203e-03,1.072295466609892757e-02,1.021012431758969163e-02,1.136316528835006924e-02,1.001549184504380713e-02,1.014979886118197623e-02,6.970087158340975558e-03,8.911249745013435919e-03,6.935085498352304423e-03,9.860806438893449100e-03,1.424140008353759479e-02,6.914860513198591366e-03,1.043219308649780824e-02,8.828027882011053179e-03,9.641320343816281099e-03,1.144667704653239138e-02,8.980082739900623751e-03,1.446562798790433993e-02,6.486033976894145861e-03,8.623053995216836340e-03,1.144533452537176491e-02,7.818107267731777207e-03,6.621818806540405444e-03,6.809894941125665610e-03,9.436101499780847474e-03,8.190147447282851434e-03,8.696519506019285278e-03,9.602423659221561575e-03,1.098839565547426317e-02,9.283183328203343382e-03,1.233220946107645155e-02,1.258655223448452119e-02,6.954199087061349767e-03,6.446372092037062559e-03,7.805611801208043113e-03,9.708324047885248664e-03,8.340006423551623096e-03,1.178159224774881844e-02,1.096303128452802422e-02,1.078758723743559328e-02,9.085421874229185346e-03,7.163898200338384044e-03,9.914089141181433792e-03,8.040613373525521551e-03,1.212762986034294360e-02,1.270640076336088629e-02,9.122818355288260170e-03
1.120429669924823471e-02,1.305726383199234605e-02,1.097972259126528405e-02,5.000000000000000000e-01,1.116496967677883811e-02,8.957192430306570863e-03,1.296470982646410683e-02,1.121187284024280882e-02,1.163972776754271070e-02,1.067998511987468258e-02,1.401480213439891716e-02,1.044684208153776397e-02,1.044806715973801287e-02,7.308058949798372853e-03,1.172037191915682383e-02,5.802481734311491779e-03,1.036378680966719597e-02,9.961168585774895015e-03,6.347111012671672638e-03,2.688475136090772225e-02,8.957192430306570863e-03,1.125647012643510997e-02,1.152467906438810717e-02,6.774711579870635117e-03,1.106625883213922280e-02,1.009141206380590253e-02,7.138981985615295081e-03,1.257537181684874328e-02,9.413802415347991004e-03,5.806196955665945264e-03,7.743345816390237099e-03,1.036107311449292745e-02,6.161667122745124840e-03,7.302208565298678664e-03,1.014386427634692348e-02,1.391092892671643225e-02,1.275407193532073630e-02,1.224469715753532043e-02,1.084725601654422909e-02,1.133790898581893761e-02,9.612497435271788460e-03,1.212403975072328874e-02,1.512303040889604634e-02,6.330971537659099875e-03,1.149221852706764496e-02,1.166311867682978329e-02,1.144929723595663681e-02,9.901007242596265856e-03,7.789420947022049346e-03,1.034530319599551509e-02,8.401563207533992508e-03,1.220705405269740043e-02,9.408098829420298223e-03,7.625278624893288247e-03
1.196179216826953433e-02,1.145985113928171817e-02,1.021843573350054296e-02,1.116496967677883811e-02,5.000000000000000000e-01,9.533780754072896518e-03,9.405444675254764214e-03,1.054996522101396203e-02,1.257090693863816347e-02,1.136501112050502388e-02,1.126233856042392970e-02,1.076120904075976090e-02,1.110301543646796500e-02,1.006907463426188337e-02,1.302113318619809237e-02,6.422058665710996331e-03,1.069632940198306757e-02,9.600965586876251956e-03,6.535053960538488027e-03,1.320068529702233401e-02,9.533780754072896518e-03,1.210432272496273637e-02,1.162312757752544806e-02,5.889659285629246163e-03,1.013403413902056599e-02,6.084683728364110797e-03,6.245116852994716736e-03,1.109320412931370965e-02,5.095009391987400174e-03,5.578906820711410953e-03,5.439003688625040217e-03,1.240290502961343549e-02,5.713635835791619835e-03,5.984707711635731814e-03,1.117647160380248056e-02,1.105645011060292678e-02,1.188711903826831541e-02,1.241115585202635062e-02,1.142927323666897456e-02,5.152644760361002954e-03,7.749965023221517743e-03,4.657034506355718639e-03,1.232099101389439247e-02,5.778500588086359774e-03,8.066571656374426844e-03,1.286841048167721574e-02,1.262746746211047821e-02,1.322857583477849049e-02,5.177061889066721448e-03,1.419872824265882953e-02,5.673948131455013380e-03,1.220289868763166710e-02,8.974270735625893003e-03,7.240327926262760463e-03
1.196932990774839459e-02,9.299961392483001646e-03,8.828027882011053179e-03,8.957192430306570863e-03,9.533780754072896518e-03,5.000000000000000000e-01,8.119457426817891857e-03,1.133837906988709350e-02,1.169017999924217011e-02,1.167058113635030883e-02,8.925599869460868960e-03,1.427761859814920264e-02,1.243927945336823285e-02,8.211073607689339110e-03,7.911622949644927030e-03,7.335847532837128093e-03,1.431600844770976322e-02,8.195301121961536678e-03,1.410044406234135794e-02,9.357199950432623300e-03,2.097886307894393856e-02,9.363550079176840429e-03,9.555243618859654217e-03,5.889497096408366147e-03,8.764491879378331560e-03,6.682910218619742340e-03,7.222887638151844619e-03,8.898525917806300589e-03,5.928027677925752637e-03,4.608209395514564072e-03,6.477167482760277754e-03,7.935012612792944828e-03,7.121531090836356187e-03,7.520279561099585570e-03,1.426679978064974638e-02,8.711116080148087470e-03,8.794383464936333591e-03,9.636069353373660773e-03,9.263099861468310214e-03,4.680997390841316885e-03,5.986195998687309644e-03,5.197354595608295706e-03,8.933613515431242796e-03,7.513161075425678695e-03,7.677833511573865961e-03,1.048738505549969349e-02,1.002825045064754950e-02,8.147749242300257252e-03,5.244836613905155126e-03,8.776650776665305409e-03,5.112427932449013085e-03,9.823415433152292084e-03,7.419959466992354785e-03,1.054908828245162099e-02
9.986462135969095127e-03,1.647128931825383308e-02,1.256367683998189586e-02,1.296470982646410683e-02,9.405444675254764214e-03,8.119457426817891857e-03,5.000000000000000000e-01,1.210028817195825564e-02,1.005557863661910370e-02,9.960065314467124800e-03,1.729225715265085214e-02,9.496046535671591460e-03,9.819361869490991768e-03,6.680209494600934314e-03,1.372729872935624790e-02,6.073727853176527809e-03,9.369609917179121811e-03,1.174371976301049822e-02,6.148875226445580863e-03,1.124714094913362161e-02,8.119457426817891857e-03,1.463011347628113273e-02,1.114508521504606851e-02,7.581105334004389559e-03,1.297736756193877336e-02,8.837581500556728614e-03,7.765650232714483778e-03,1.459188794355718161e-02,9.021583730617410007e-03,7.124113140279480366e-03,1.038308681353019777e-02,1.198131417180814742e-02,7.200293172082995394e-03,7.842183381742581089e-03,9.130029526602835566e-03,1.633693342579618790e-02,1.575079551650663406e-02,1.121729170939613635e-02,1.082310826497589334e-02,9.694835565986201220e-03,1.086554453590850115e-02,7.849464993642927060e-03,9.222316608869116084e-03,7.347190477396983894e-03,1.330016573132103766e-02,9.893830400421852952e-03,9.804750007840871279e-03,9.361200648094794921e-03,1.010217872823632526e-02,8.856741734477632799e-03,1.199770688753593745e-02,1.128275069431940517e-02,1.144079529780329257e-02,8.703116347636291605e-03
1.329793736075646736e-02,1.082412697772656973e-02,9.704301301303307203e-03,1.121187284024280882e-02,1.054996522101396203e-02,1.133837906988709350e-02,1.210028817195825564e-02,5.000000000000000000e-01,1.228222950681558644e-02,1.332349542838850466e-02,1.106244654259344942e-02,1.446038340371212302e-02,1.479254033846334748e-02,8.554969247557149201e-03,1.099495975946548215e-02,5.187716020079670767e-03,1.420684345920398932e-02,8.591392863753731512e-03,7.316491384295418024e-03,1.108299727849675759e-02,1.133837906988709350e-02,1.008118564497432340e-02,1.071127857825603796e-02,5.897312582499165262e-03,1.028365972943492447e-02,6.444614938382503197e-03,6.637309712706505882e-03,1.061387122196724361e-02,6.305601388740810463e-03,5.595770807946959247e-03,6.630315433078895135e-03,9.027107891204819504e-03,5.601229980715039664e-03,6.816803453824665099e-03,1.448209597588153916e-02,1.349384354028632972e-02,1.204797210001782790e-02,1.094698680526754939e-02,9.318137691503181746e-03,9.209585561520412800e-03,6.749524372671647683e-03,8.260992073207126113e-03,1.159419146273963676e-02,5.673055009630870518e-03,1.058667467643026674e-02,1.063796389339813180e-02,1.000491373031247092e-02,8.866303227714190244e-03,6.191198534241961621e-03,9.451413589724854541e-03,5.935357477044501603e-03,1.139018457480930543e-02,8.672614666278027906e-03,8.846065884603109691e-03
1.425834424199932948e-02,1.189387303746663668e-02,1.072295466609892757e-02,1.163972776754271070e-02,1.257090693863816347e-02,1.169017999924217011e-02,1.005557863661910370e-02,1.228222950681558644e-02,5.000000000000000000e-01,1.336926208193555884e-02,1.180940283241505018e-02,1.349849380075689859e-02,1.353640179950113542e-02,8.119518914854793531e-03,1.002322467503813722e-02,5.464153256036676475e-03,1.330553910507068470e-02,9.761123036883225662e-03,7.529670294688753894e-03,1.211241502652555049e-02,1.169017999924217011e-02,1.175449267280781473e-02,1.215623134816594744e-02,5.636838895161767546e-03,1.100988239568764966e-02,5.800507222194171801e-03,6.745365645142996879e-03,1.108781329257429310e-02,4.963521329483498896e-03,4.403507793029397439e-03,5.391627108975793198e-03,9.433010024064977794e-03,5.657315944229036539e-03,6.559764960767126493e-03,1.316407866645445505e-02,1.151875699139751769e-02,1.088007005926720436e-02,1.309780783989053510e-02,1.125885102504153336e-02,4.828700048649277321e-03,6.312503896462673750e-03,4.474190481881542766e-03,1.094241599659302386e-02,5.766941897675756032e-03,8.787735271235379286e-03,1.357605609839948602e-02,1.290186158841411662e-02,1.005661050964357442e-02,4.698867638106592540e-03,1.128748201345738597e-02,5.146566719672437951e-03,1.329466137130610320e-02,8.835488102563411605e-03,8.261910576901300082e-03
1.383395820269445534e-02,1.072353429971282732e-02,1.021012431758969163e-02,1.067998511987468258e-02,1.136501112050502388e-02,1.167058113635030883e-02,9.960065314467124800e-03,1.332349542838850466e-02,1.336926208193555884e-02,5.000000000000000000e-01,1.062636113271609936e-02,1.374310196619479493e-02,1.388448905757442252e-02,9.287432054398282733e-03,9.810038827019140761e-03,5.387348017636753306e-03,1.376452533950845748e-02,9.416323853080660680e-03,7.257903477860124311e-03,1.146152925046722490e-02,1.167058113635030883e-02,1.107031336152876702e-02,1.233189110472607784e-02,5.646636973586478814e-03,1.090906988351500115e-02,5.637729456883102709e-03,6.294297086656968840e-03,1.016855925756893902e-02,4.660903312752470717e-03,5.171008053240553834e-03,5.641442245219923345e-03,9.246950810887081748e-03,5.793149639079565351e-03,6.489262340893602390e-03,1.439956304432189055e-02,1.031472219194591415e-02,9.941965392109975222e-03,1.155692145225576534e-02,1.018494978694270761e-02,5.518838972051404515e-03,6.399096926755096226e-03,4.520083840307480977e-03,1.034842164625036226e-02,5.902942270161566293e-03,9.775538122905018043e-03,1.210763691741544544e-02,1.117928788506119403e-02,9.626798885084494189e-03,5.091465495581443818e-03,1.072890762028014429e-02,5.698947455324223851e-03,1.158748387522828653e-02,9.698993402558912791e-03,9.186159289556090207e-03
1.128506643537749085e-02,2.141216263506537029e-02,1.136316528835006924e-02,1.401480213439891716e-02,1.126233856042392970e-02,8.925599869460868960e-03,1.729225715265085214e-02,1.106244654259344942e-02,1.180940283241505018e-02,1.062636113271609936e-02,5.000000000000000000e-01,1.040681253025653799e-02,1.048350459500393614e-02,7.344487717584005475e-03,1.125275879433096718e-02,5.539977406911561486e-03,1.036565468561140985e-02,1.032200905857223044e-02,6.327354297171788357e-03,1.316875245375698569e-02,8.925599869460868960e-03,1.280885668977775269e-02,1.180662715997574802e-02,6.750948372806782512e-03,1.156470302562354752e-02,7.055362866669323899e-03,7.066116949689095483e-03,1.390218748784988537e-02,6.518123503769169408e-03,5.680464688854833938e-03,7.154132308505641719e-03,1.035344067631783528e-02,6.075547055761995434e-03,7.037300656024795056e-03,9.979963151831812429e-03,1.799922239351478548e-02,2.015332675229296322e-02,1.299600188459185297e-02,1.139589672185300703e-02,9.053942220676602579e-03,9.138167172009329514e-03,6.866790783592556513e-03,1.108845791469211667e-02,6.302392575848789202e-03,9.732536914320077948e-03,1.198591564333017362e-02,1.207714785935583290e-02,9.762223196975896092e-03,8.060791094494824602e-03,1.046209191070848060e-02,1.066120592156257277e-02,1.278090109818907742e-02,9.534293071418360049e-03,7.714259263561376936e-03
1.448344760177295437e-02,1.012691870946222719e-02,1.001549184504380713e-02,1.044684208153776397e-02,1.076120904075976090e-02,1.427761859814920264e-02,9.496046535671591460e-03,1.446038340371212302e-02,1.349849380075689859e-02,1.374310196619479493e-02,1.040681253025653799e-02,5.000000000000000000e-01,1.575397652723090416e-02,8.193348644748101733e-03,8.643169966525957384e-03,5.181094122392686067e-03,1.622113912288859067e-02,8.950501236067521030e-03,9.128334538913918800e-03,1.097741897149766797e-02,1.427761859814920264e-02,9.861922408569777365e-03,1.079860915910703552e-02,5.627282997123757638e-03,1.039521436718199819e-02,5.492478613875939955e-03,6.792782590650098956e-03,1.016430976833587914e-02,4.842442115162692504e-03,4.559340269754748320e-03,5.548895158771364848e-03,8.184692640374743172e-03,5.394185742449585444e-03,7.036713378873200170e-03,1.590777574666513844e-02,1.021630763777748446e-02,9.331274665727525702e-03,1.152450737795668485e-02,9.832026440334281844e-03,5.065066693202786852e-03,6.090563554187701165e-03,4.460947861995959683e-03,9.318225853231082434e-03,5.723287261800296365e-03,9.147467548330456832e-03,1.139207311635201045e-02,1.095072352151628750e-02,8.516772769662821901e-03,4.776539755212043728e-03,9.402281988953233721e-03,5.178698731682447945e-03,1.200578957950468317e-02,8.492672000601234061e-03,9.006991787367206806e-03
1.463425372158476054e-02,1.039512315484877186e-02,1.014979886118197623e-02,1.044806715973801287e-02,1.110301543646796500e-02,1.243927945336823285e-02,9.819361869490991768e-03,1.479254033846334748e-02,1.353640179950113542e-02,1.388448905757442252e-02,1.048350459500393614e-02,1.575397652723090416e-02,5.000000000000000000e-01,8.648840936281862457e-03,9.204730562100615562e-03,5.316120450394614533e-03,1.542237432793724938e-02,9.065918927846309400e-03,8.083505143849494326e-03,1.101002300177040746e-02,1.243927945336823285e-02,1.010087934269305807e-02,1.066647510528565858e-02,6.030839625900180287e-03,1.068412946789852602e-02,5.543544949764927371e-03,6.956466079453013304e-03,1.016260913221874763e-02,4.977395436453009928e-03,4.883052655821853993e-03,5.533584406619423274e-03,8.697799450228981682e-03,5.774747269842986711e-03,6.971080774671494645e-03,1.531704601486610570e-02,1.039027708721817003e-02,9.569545354659359654e-03,1.171506100192189724e-02,1.024136811840127732e-02,5.069572691524413741e-03,6.261840096807789503e-03,4.564052796465474168e-03,9.539800543654299719e-03,5.828776364597272434e-03,9.608869817320769141e-03,1.171256512054165422e-02,1.101189176003128378e-02,8.919927367869616083e-03,4.900832664760376017e-03,9.847042254337200901e-03,5.356167257022911854e-03,1.228414241560559297e-02,8.937091280219792988e-03,9.257390034563450082e-03
8.487411919634330754e-03,8.571237632552426017e-03,6.970087158340975558e-03,7.308058949798372853e-03,1.006907463426188337e-02,8.211073607689339110e-03,6.680209494600934314e-03,8.554969247557149201e-03,8.119518914854793531e-03,9.287432054398282733e-03,7.344487717584005475e-03,8.193348644748101733e-03,8.648840936281862457e-03,5.000000000000000000e-01,1.109063101989939300e-02,7.267545852929846797e-03,8.732680533017176880e-03,7.709343227441187857e-03,8.214141189807110457e-03,8.739280676946717744e-03,8.211073607689339110e-03,9.957553204068558123e-03,7.936482593719339229e-03,5.817841866456425516e-03,6.668511238190706972e-03,6.970032000888080545e-03,5.030387579612939988e-03,7.819972879007217395e-03,6.207191575199918869e-03,1.117210503552750964e-02,7.533404788098180954e-03,1.126400351712630171e-02,5.886490725217397718e-03,4.785230953047106203e-03,9.158725912483662787e-03,7.097405549434002842e-03,9.776209526542579617e-03,7.317980534632096377e-03,9.504326587957172973e-03,6.749224328348496678e-03,8.105663526712623967e-03,8.801627367996936110e-03,1.062770121914280094e-02,6.952859848439751217e-03,7.012458631131143066e-03,9.385474269493966626e-03,9.514119902285303465e-03,1.161634347667120370e-02,1.017962999584550929e-02,1.131581906039880875e-02,9.554373152486195231e-03,7.093771369128829517e-03,9.288774469967460423e-03,6.261635033674882098e-03
9.801720709451872127e-03,1.323677126309964064e-02,8.911249745013435919e-03,1.172037191915682383e-02,1.302113318619809237e-02,7.911622949644927030e-03,1.372729872935624790e-02,1.099495975946548215e-02,1.002322467503813722e-02,9.810038827019140761e-03,1.125275879433096718e-02,8.643169966525957384e-03,9.204730562100615562e-03,1.109063101989939300e-02,5.000000000000000000e-01,7.062282095081607973e-03,8.594335087336837237e-03,9.073581776335650981e-03,6.007209730945435588e-03,1.416754514837985542e-02,7.911622949644927030e-03,1.256017591020476207e-02,1.002261966680428711e-02,5.942551918620159017e-03,8.699127702790299121e-03,8.165806111942348899e-03,5.622889002000969541e-03,1.064335813704609876e-02,5.452415673962059291e-03,8.950012175007092396e-03,1.063889580887339079e-02,2.276224563124243372e-02,6.041772866050995616e-03,5.261795322586483234e-03,9.323199853160820533e-03,1.129552354665425140e-02,1.513105337446278911e-02,9.899741438545172495e-03,1.056190384653738455e-02,6.313752709295723450e-03,1.058739512423336783e-02,6.705905907762908097e-03,1.236703062401278003e-02,6.368597864496929918e-03,7.905998915809333769e-03,1.118117340591647316e-02,1.110304555389049312e-02,1.970696244629157462e-02,9.820432316960593655e-03,1.352913927725465926e-02,6.961220569544577033e-03,9.592013094204640544e-03,9.012993934720303288e-03,6.902938442309502348e-03
5.381474513407040645e-03,5.879667188377509651e-03,6.935085498352304423e-03,5.802481734311491779e-03,6.422058665710996331e-03,7.335847532837128093e-03,6.073727853176527809e-03,5.187716020079670767e-03,5.464153256036676475e-03,5.387348017636753306e-03,5.539977406911561486e-03,5.181094122392686067e-03,5.316120450394614533e-03,7.267545852929846797e-03,7.062282095081607973e-03,5.000000000000000000e-01,5.203350138691486063e-03,7.471597477877139730e-03,1.594457903205121624e-02,5.703073736068718473e-03,7.335847532837128093e-03,6.556217148899852118e-03,5.648675086547699266e-03,1.501725779900324291e-02,6.068676184271780405e-03,1.584767794726606865e-02,1.461204180427957446e-02,5.826808940226219091e-03,1.367907311049568198e-02,1.239831588475999100e-02,1.274879744608653845e-02,7.610759869425715377e-03,1.780157650434353866e-02,1.445449780082517371e-02,5.074792419169325830e-03,5.512263525117564768e-03,6.741936048100359222e-03,5.384659031651384611e-03,7.475071633405485846e-03,1.168127065727492600e-02,1.205421012981359313e-02,1.257766294040942034e-02,6.850096988318628288e-03,1.593708155741350649e-02,6.289898555692433404e-03,5.974752571927477440e-03,6.408253861788830441e-03,7.413121915387220831e-03,9.887237372593442319e-03,7.792096713473508664e-03,1.031822476538998314e-02,5.321858561568766806e-03,7.704344605518562497e-03,9.650909627001847194e-03
1.409932437602191141e-02,1.003620904269430375e-02,9.860806438893449100e-03,1.036378680966719597e-02,1.069632940198306757e-02,1.431600844770976322e-02,9.369609917179121811e-03,1.420684345920398932e-02,1.330553910507068470e-02,1.376452533950845748e-02,1.036565468561140985e-02,1.622113912288859067e-02,1.542237432793724938e-02,8.732680533017176880e-03,8.594335087336837237e-03,5.203350138691486063e-03,5.000000000000000000e-01,8.818787409486508744e-03,9.213051806081075032e-03,1.085694849893199809e-02,1.431600844770976322e-02,9.815139921324666367e-03,1.076795526419301388e-02,5.651130687998673525e-03,1.044098249929340666e-02,5.496641278154805639e-03,6.777825436034621079e-03,1.020746149503457337e-02,4.829029592367300484e-03,4.557539339886016241e-03,5.530294287065319267e-03,8.393287042624287056e-03,5.390006633849180745e-03,7.022457569106491278e-03,1.597414394589406761e-02,1.014059920687039942e-02,9.322589695200899501e-03,1.142847165104156348e-02,9.823930603224482333e-03,5.045985785727777340e-03,6.071629297792799362e-03,4.455766122397440167e-03,9.393012658638670576e-03,5.734818396324658021e-03,9.125978151414228245e-03,1.128873086902648301e-02,1.113452742972446952e-02,8.643140019281084219e-03,4.756869289218547056e-03,9.495318754924512647e-03,5.157142499154281252e-03,1.190373758941102103e-02,8.522579317477945587e-03,8.877715144831422461e-03
9.549029999474028391e-03,9.730705540314400076e-03,1.424140008353759479e-02,9.961168585774895015e-03,9.600965586876251956e-03,8.195301121961536678e-03,1.174371976301049822e-02,8.591392863753731512e-03,9.761123036883225662e-03,9.416323853080660680e-03,1.032200905857223044e-02,8.950501236067521030e-03,9.065918927846309400e-03,7.709343227441187857e-03,9.073581776335650981e-03,7.471597477877139730e-03,8.818787409486508744e-03,5.000000000000000000e-01,6.894227929705088256e-03,9.557105523492667384e-03,8.195301121961536678e-03,9.948230074003718698e-03,1.057851553055387181e-02,8.896711551376395785e-03,1.331022780867606795e-02,7.294528711562759879e-03,7.839552460884250534e-03,1.026673544831763381e-02,8.187298925757140189e-03,7.220458752109468366e-03,7.155823969650529533e-03,9.487168664854852412e-03,8.092111411964798134e-03,8.100199203491533287e-03,8.832354867554214825e-03,9.931158166096198253e-03,9.374797680933638286e-03,1.092312421667487529e-02,1.240158958055559771e-02,8.240158860254993139e-03,6.783473870713096175e-03,8.235379767282908353e-03,9.956915031560365642e-03,8.862069964749490561e-03,1.198281860467687206e-02,1.053891046844817464e-02,1.064680990849956391e-02,9.268506795028908299e-03,8.744791915495670614e-03,9.519414397129447730e-03,8.697543942451757548e-03,1.066245368892971938e-02,1.253780146348107243e-02,8.276792521677260248e-03
7.730950127051219693e-03,6.504277565223207797e-03,6.914860513198591366e-03,6.347111012671672638e-03,6.535053960538488027e-03,1.410044406234135794e-02,6.148875226445580863e-03,7.316491384295418024e-03,7.529670294688753894e-03,7.257903477860124311e-03,6.327354297171788357e-03,9.128334538913918800e-03,8.083505143849494326e-03,8.214141189807110457e-03,6.007209730945435588e-03,1.594457903205121624e-02,9.213051806081075032e-03,6.894227929705088256e-03,5.000000000000000000e-01,6.233562238992276273e-03,1.410044406234135794e-02,6.154232470808497155e-03,6.110965388194010244e-03,1.146708948913851243e-02,6.337659238426813710e-03,1.324940008768526502e-02,1.294360990872402140e-02,6.219005677801788326e-03,1.094421870228683494e-02,9.278690390532478779e-03,1.110564369976787397e-02,5.882544866275348297e-03,1.484062653479881547e-02,1.244694960567693451e-02,9.048206799196613012e-03,6.241576109214616065e-03,6.271986362123810332e-03,6.494719278074073676e-03,7.331893786818999628e-03,8.955085181762344540e-03,9.469574518509129429e-03,9.882581896141291039e-03,6.132974612111511889e-03,1.367187147051226320e-02,6.132183769944257040e-03,6.947731812694356648e-03,6.941592160665174642e-03,5.768162474242444215e-03,7.744400973121847234e-03,6.600134436593067810e-03,8.416807774204681375e-03,6.583872107626534582e-03,6.616767546720563747e-03,9.864643484731738451e-03
1.176013147959121402e-02,1.322364659533450601e-02,1.043219308649780824e-02,2.688475136090772225e-02,1.320068529702233401e-02,9.357199950432623300e-03,1.124714094913362161e-02,1.108299727849675759e-02,1.211241502652555049e-02,1.146152925046722490e-02,1.316875245375698569e-02,1.097741897149766797e-02,1.101002300177040746e-02,8.739280676946717744e-03,1.416754514837985542e-02,5.703073736068718473e-03,1.085694849893199809e-02,9.557105523492667384e-03,6.233562238992276273e-03,5.000000000000000000e-01,9.357199950432623300e-03,1.280133633250499225e-02,1.172974581634827693e-02,5.803702149447144756e-03,1.046274406057537583e-02,6.778566791222795374e-03,6.332506284042516836e-03,1.147983751814078343e-02,5.908306947009627288e-03,5.150946408979405894e-03,6.161492985250121256e-03,1.139991478242580875e-02,5.695175910271714145e-03,6.522258730226914922e-03,1.104669216585290811e-02,1.276301394491374114e-02,1.218097296236819380e-02,1.223988179515582940e-02,1.066871774416748228e-02,7.498329158261575478e-03,7.439504545499650220e-03,8.649131125333655787e-03,1.271949693118110472e-02,5.830823549693163119e-03,8.865930479954292620e-03,1.232960057446675500e-02,1.207958566045646241e-02,1.153660741355210656e-02,5.863248897059782083e-03,1.225943994217563136e-02,5.901487522754293377e-03,1.207381559714060942e-02,8.766515396959681169e-03,7.374168742146136601e-03
1.196932990774839459e-02,9.299961392483001646e-03,8.828027882011053179e-03,8.957192430306570863e-03,9.533780754072896518e-03,2.097886307894393856e-02,8.119457426817891857e-03,1.133837906988709350e-02,1.169017999924217011e-02,1.167058113635030883e-02,8.925599869460868960e-03,1.427761859814920264e-02,1.243927945336823285e-02,8.211073607689339110e-03,7.911622949644927030e-03,7.335847532837128093e-03,1.431600844770976322e-02,8.195301121961536678e-03,1.410044406234135794e-02,9.357199950432623300e-03,5.000000000000000000e-01,9.363550079176840429e-03,9.555243618859654217e-03,5.889497096408366147e-03,8.764491879378331560e-03,6.682910218619742340e-03,7.222887638151844619e-03,8.898525917806300589e-03,5.928027677925752637e-03,4.608209395514564072e-03,6.477167482760277754e-03,7.935012612792944828e-03,7.121531090836356187e-03,7.520279561099585570e-03,1.426679978064974638e-02,8.711116080148087470e-03,8.794383464936333591e-03,9.636069353373660773e-03,9.263099861468310214e-03,4.680997390841316885e-03,5.986195998687309644e-03,5.197354595608295706e-03,8.933613515431242796e-03,7.513161075425678695e-03,7.677833511573865961e-03,1.048738505549969349e-02,1.002825045064754950e-02,8.147749242300257252e-03,5.244836613905155126e-03,8.776650776665305409e-03,5.112427932449013085e-03,9.823415433152292084e-03,7.419959466992354785e-03,1.054908828245162099e-02
1.131717170567570104e-02,1.746878087972645807e-02,9.641320343816281099e-03,1.125647012643510997e-02,1.210432272496273637e-02,9.363550079176840429e-03,1.463011347628113273e-02,1.008118564497432340e-02,1.175449267280781473e-02,1.107031336152876702e-02,1.280885668977775269e-02,9.861922408569777365e-03,1.010087934269305807e-02,9.957553204068558123e-03,1.256017591020476207e-02,6.556217148899852118e-03,9.815139921324666367e-03,9.948230074003718698e-03,6.154232470808497155e-03,1.280133633250499225e-02,9.363550079176840429e-03,5.000000000000000000e-01,1.156314981834457613e-02,5.516544520688847902e-03,9.485988223277888251e-03,7.199400968723216124e-03,5.805303230611808668e-03,1.168925109829048459e-02,5.463822230800991289e-03,5.664595614496033618e-03,6.773136558804276203e-03,1.261886283410144222e-02,5.579404973676557397e-03,6.145346408203626598e-03,1.003625344393479536e-02,1.634085685258787959e-02,1.414773905234556137e-02,1.126264207329156011e-02,1.141291941889731321e-02,5.488168889771587872e-03,1.465127419291843182e-02,4.709424855160559802e-03,1.331520722238687532e-02,6.510795245381022570e-03,7.970375583695270966e-03,1.295664713991726176e-02,1.258048543157472450e-02,1.266320103702619528e-02,6.049749128026657950e-03,1.229058393454854868e-02,7.230731728151185839e-03,1.088516220420011026e-02,8.616303145625593685e-03,7.060121170671233154e-03
1.156792175476882914e-02,1.277204219911688698e-02,1.144667704653239138e-02,1.152467906438810717e-02,1.162312757752544806e-02,9.555243618859654217e-03,1.114508521504606851e-02,1.071127857825603796e-02,1.215623134816594744e-02,1.233189110472607784e-02,1.180662715997574802e-02,1.079860915910703552e-02,1.066647510528565858e-02,7.936482593719339229e-03,1.002261966680428711e-02,5.648675086547699266e-03,1.076795526419301388e-02,1.057851553055387181e-02,6.110965388194010244e-03,1.172974581634827693e-02,9.555243618859654217e-03,1.156314981834457613e-02,5.000000000000000000e-01,6.293034034567401326e-03,1.191409555569651266e-02,6.424978289769246384e-03,6.677497857437503931e-03,1.092417880647095912e-02,1.862575936755827416e-02,5.849731907498916667e-03,6.333550718605784544e-03,9.661415627515330951e-03,6.129617025243918466e-03,7.503494682561048790e-03,1.102343575701970196e-02,1.150447662750340300e-02,1.055884342786359356e-02,1.227075428995588746e-02,1.018889296968248336e-02,6.432155781144482595e-03,6.294596241439891909e-03,5.788789407594165798e-03,1.091306659152612921e-02,6.698058625458287382e-03,9.383137939756406101e-03,1.161360297983302613e-02,1.139414100591217352e-02,1.009102332156813081e-02,8.950309269355688838e-03,1.049555546553228649e-02,6.791928783198101019e-03,1.223289799458265534e-02,9.688772636894774776e-03,7.716926536903400899e-03
5.807514189536008148e-03,5.952534053170721075e-03,8.980082739900623751e-03,6.774711579870635117e-03,5.889659285629246163e-03,5.889497096408366147e-03,7.581105334004389559e-03,5.897312582499165262e-03,5.636838895161767546e-03,5.646636973586478814e-03,6.750948372806782512e-03,5.627282997123757638e-03,6.030839625900180287e-03,5.817841866456425516e-03,5.942551918620159017e-03,1.501725779900324291e-02,5.651130687998673525e-03,8.896711551376395785e-03,1.146708948913851243e-02,5.803702149447144756e-03,5.889497096408366147e-03,5.516544520688847902e-03,6.293034034567401326e-03,5.000000000000000000e-01,8.195550151219605645e-03,1.179586529996645185e-02,1.400276355968632300e-02,6.974971061605309344e-03,1.530855007478450214e-02,1.373297447300283157e-02,1.114315667105135119e-02,5.972147879606209617e-03,1.617493701003156620e-02,1.363604617831559902e-02,5.480075914400108633e-03,6.833260651883841033e-03,5.820680218436939495e-03,7.143300367596317965e-03,7.738500418216080409e-03,1.246287337492451783e-02,1.037694072997005432e-02,1.639489131082540879e-02,5.717556999496263039e-03,1.293181288695189127e-02,7.718735267354700016e-03,5.967847530685931913e-03,6.218267415345956825e-03,5.626475878166356179e-03,1.052150363771184316e-02,6.047372848187944870e-03,1.002752176729682435e-02,6.965051245242295103e-03,8.235260592899650706e-03,9.438947094500963961e-03
1.068810847386391510e-02,9.897690175544725244e-03,1.446562798790433993e-02,1.106625883213922280e-02,1.013403413902056599e-02,8.764491879378331560e-03,1.297736756193877336e-02,1.028365972943492447e-02,1.100988239568764966e-02,1.090906988351500115e-02,1.156470302562354752e-02,1.039521436718199819e-02,1.068412946789852602e-02,6.668511238190706972e-03,8.699127702790299121e-03,6.068676184271780405e-03,1.044098249929340666e-02,1.331022780867606795e-02,6.337659238426813710e-03,1.046274406057537583e-02,8.764491879378331560e-03,9.485988223277888251e-03,1.191409555569651266e-02,8.195550151219605645e-03,5.000000000000000000e-01,5.968654685317280675e-03,8.337177368897125823e-03,1.165141377105059078e-02,7.062977617166340399e-03,6.248769585136820445e-03,6.517693787222857832e-03,8.891326617938939345e-03,7.606819905341979243e-03,8.425452621971959988e-03,1.000434586639885499e-02,1.147874293517492025e-02,8.931683988621194614e-03,1.299531952825630152e-02,1.191880977132911759e-02,6.990531409337271893e-03,6.688039530332236249e-03,6.985827726629256773e-03,9.319983417433813644e-03,7.729550947996627341e-03,1.210606667476606287e-02,1.058125617244185489e-02,1.113155786600995498e-02,8.632956388195587444e-03,6.956992975489753595e-03,9.464430508413997772e-03,7.995857261399142227e-03,1.313095502690688789e-02,1.302421962632283395e-02,9.436245421796295163e-03
5.653016680244599655e-03,7.732235031448160545e-03,6.486033976894145861e-03,1.009141206380590253e-02,6.084683728364110797e-03,6.682910218619742340e-03,8.837581500556728614e-03,6.444614938382503197e-03,5.800507222194171801e-03,5.637729456883102709e-03,7.055362866669323899e-03,5.492478613875939955e-03,5.543544949764927371e-03,6.970032000888080545e-03,8.165806111942348899e-03,1.584767794726606865e-02,5.496641278154805639e-03,7.294528711562759879e-03,1.324940008768526502e-02,6.778566791222795374e-03,6.682910218619742340e-03,7.199400968723216124e-03,6.424978289769246384e-03,1.179586529996645185e-02,5.968654685317280675e-03,5.000000000000000000e-01,1.407258416727877673e-02,7.031884708959096689e-03,1.923623855837831159e-02,1.206243815467581901e-02,2.523196814866760646e-02,7.848453743523728723e-03,1.398325164528067474e-02,1.416949571740548294e-02,5.401014510680356498e-03,8.215918586051659464e-03,9.685530017638839528e-03,5.707322342131097674e-03,7.229835238698383536e-03,1.790471535642786105e-02,1.324768466051969365e-02,1.319198732981946044e-02,7.643233006597363426e-03,1.428840172830024569e-02,7.281874327854492499e-03,6.425690287605114598e-03,6.720408721663012966e-03,7.083860927185712739e-03,1.467017447875255086e-02,6.758311026388606063e-03,1.731837882178708862e-02,5.633440737305041648e-03,7.085213240813129781e-03,8.101617622885562767e-03
6.801488503749396862e-03,6.672966961884484183e-03,8.623053995216836340e-03,7.138981985615295081e-03,6.245116852994716736e-03,7.222887638151844619e-03,7.765650232714483778e-03,6.637309712706505882e-03,6.745365645142996879e-03,6.294297086656968840e-03,7.066116949689095483e-03,6.792782590650098956e-03,6.956466079453013304e-03,5.030387579612939988e-03,5.622889002000969541e-03,1.461204180427957446e-02,6.777825436034621079e-03,7.839552460884250534e-03,1.294360990872402140e-02,6.332506284042516836e-03,7.222887638151844619e-03,5.805303230611808668e-03,6.677497857437503931e-03,1.400276355968632300e-02,8.337177368897125823e-03,1.407258416727877673e-02,5.000000000000000000e-01,7.250878461983297635e-03,1.292193759304697750e-02,1.211701551679023568e-02,1.283939833247269360e-02,5.710954676711759402e-03,1.521036916390055595e-02,1.861197801344868438e-02,6.373190757338898990e-03,7.165719623891014453e-03,5.943920225162583129e-03,7.510130162678712792e-03,7.684669586037050359e-03,1.205636535382196076e-02,1.255590648985945197e-02,1.139509426457834679e-02,5.783063070842507820e-03,1.390419827223364144e-02,8.203099805774089967e-03,6.879060314337233535e-03,6.558300521677915690e-03,5.362507397099288212e-03,1.052430266413361196e-02,5.951773345692301653e-03,1.208261526735539444e-02,7.555462456102678831e-03,7.845510789542126107e-03,1.045987503617053574e-02
1.049147009904236039e-02,1.485231992208990714e-02,1.144533452537176491e-02,1.257537181684874328e-02,1.109320412931370965e-02,8.898525917806300589e-03,1.459188794355718161e-02,1.061387122196724361e-02,1.108781329257429310e-02,1.016855925756893902e-02,1.390218748784988537e-02,1.016430976833587914e-02,1.016260913221874763e-02,7.819972879007217395e-03,1.064335813704609876e-02,5.826808940226219091e-03,1.020746149503457337e-02,1.026673544831763381e-02,6.219005677801788326e-03,1.147983751814078343e-02,8.898525917806300589e-03,1.168925109829048459e-02,1.092417880647095912e-02,6.974971061605309344e-03,1.165141377105059078e-02,7.031884708959096689e-03,7.250878461983297635e-03,5.000000000000000000e-01,6.465971839600901001e-03,5.761901902102660629e-03,1.093734194723851826e-02,1.049812673528895124e-02,6.159928317347635428e-03,7.431687717360243445e-03,9.628466907050665935e-03,1.712247541488867708e-02,1.523346655711253252e-02,1.236207457411550407e-02,1.140255532291865707e-02,7.090003341982021798e-03,1.064524887327997910e-02,6.359360244455462483e-03,1.428218223328213063e-02,6.822691762805942195e-03,1.939634164598812160e-02,1.141693431700275055e-02,1.140415481475090011e-02,9.904355669753809807e-03,8.356160144264254686e-03,1.014772195652401295e-02,8.787799925079334967e-03,1.222242616147466154e-02,9.931494566962781323e-03,7.466901473939829836e-03
4.887532574338311273e-03,6.903821253689984908e-03,7.818107267731777207e-03,9.413802415347991004e-03,5.095009391987400174e-03,5.928027677925752637e-03,9.021583730617410007e-03,6.305601388740810463e-03,4.963521329483498896e-03,4.660903312752470717e-03,6.518123503769169408e-03,4.842442115162692504e-03,4.977395436453009928e-03,6.207191575199918869e-03,5.452415673962059291e-03,1.367907311049568198e-02,4.829029592367300484e-03,8.187298925757140189e-03,1.094421870228683494e-02,5.908306947009627288e-03,5.928027677925752637e-03,5.463822230800991289e-03,1.862575936755827416e-02,1.530855007478450214e-02,7.062977617166340399e-03,1.923623855837831159e-02,1.292193759304697750e-02,6.465971839600901001e-03,5.000000000000000000e-01,1.150608701727745889e-02,1.245232503129256943e-02,5.913322546971199606e-03,1.402385128346125137e-02,1.301926952947319790e-02,4.727153423125522030e-03,7.851769411342615981e-03,7.143780745809853727e-03,5.613580040048539964e-03,6.338673589346489542e-03,2.105376122496091171e-02,1.019627641233404255e-02,2.134064435185571013e-02,5.498797196982300843e-03,1.259702145200729956e-02,8.517905681568582049e-03,5.215525657035369189e-03,5.156721630458428046e-03,5.099784248665478401e-03,1.507497456107546874e-02,5.231353446655640643e-03,1.264068189825810762e-02,5.583210560097071062e-03,8.148624942945537769e-03,7.833779292941532926e-03
